year,month,day,hour,minute,second,millisecond,UTC,open_CB1-66KV,open_CB2-66KV,open_CB-TRSF1,open_CB2-22KV,I_CB1-66KV,I_CB2-66KV,I_TRSF1-W1,I_TRSF1-W2,I_CB-TRSF1,I_CB2-22KV
2020,11,25,12,29,54,575,1606271394.575000,0,1,0,1,0,0,0,0,0,0,
2020,11,25,12,29,54,682,1606271394.682000,0,1,0,1,0,0,0,0,0,0,
2020,11,25,12,29,54,784,1606271394.784000,0,1,0,1,0,0,0,0,0,0,
2020,11,25,12,29,54,886,1606271394.886000,0,1,0,1,0,0,0,0,0,0,
2020,11,25,12,29,54,988,1606271394.988000,0,1,0,1,0,0,0,0,0,0,
2020,11,25,12,29,55,90,1606271395.090000,0,1,0,1,0,0,0,0,0,0,
2020,11,25,12,29,55,192,1606271395.192000,0,1,0,1,0,0,0,0,0,0,
2020,11,25,12,29,55,294,1606271395.294000,0,1,0,1,0,0,0,0,0,0,
2020,11,25,12,29,55,395,1606271395.395000,0,1,0,1,0,0,0,0,0,0,
2020,11,25,12,29,55,498,1606271395.498000,0,1,0,1,0,0,0,0,0,0,
2020,11,25,12,29,55,599,1606271395.599000,0,1,0,1,0,0,0,0,0,0,
2020,11,25,12,29,55,701,1606271395.701000,0,1,0,1,0,0,0,0,0,0,
2020,11,25,12,29,55,805,1606271395.805000,0,1,0,1,0,0,0,0,0,0,
2020,11,25,12,29,55,907,1606271395.907000,0,1,0,1,0,0,0,0,0,0,
2020,11,25,12,29,56,9,1606271396.009000,0,1,0,1,0,0,0,0,0,0,
2020,11,25,12,29,56,111,1606271396.111000,0,1,0,1,0,0,0,0,0,0,
2020,11,25,12,29,56,212,1606271396.212000,0,1,0,1,0,0,0,0,0,0,
2020,11,25,12,29,56,314,1606271396.314000,0,1,0,1,0,0,0,0,0,0,
2020,11,25,12,29,56,415,1606271396.415000,0,1,0,1,0,0,0,0,0,0,
2020,11,25,12,29,56,517,1606271396.517000,0,1,0,1,0,0,0,0,0,0,
2020,11,25,12,29,56,619,1606271396.619000,0,1,0,1,0,0,0,0,0,0,
2020,11,25,12,29,56,721,1606271396.721000,0,1,0,1,0,0,0,0,0,0,
2020,11,25,12,29,56,823,1606271396.823000,0,1,0,1,0,0,0,0,0,0,
2020,11,25,12,29,56,924,1606271396.924000,0,1,0,1,0,0,0,0,0,0,
2020,11,25,12,29,57,27,1606271397.027000,0,1,0,1,0,0,0,0,0,0,
2020,11,25,12,29,57,130,1606271397.130000,0,1,0,1,0,0,0,0,0,0,
2020,11,25,12,29,57,232,1606271397.232000,0,1,0,1,0,0,0,0,0,0,
2020,11,25,12,29,57,334,1606271397.334000,0,1,0,1,0,0,0,0,0,0,
2020,11,25,12,29,57,436,1606271397.436000,0,1,0,1,0,0,0,0,0,0,
2020,11,25,12,29,57,538,1606271397.538000,0,1,0,1,0,0,0,0,0,0,
2020,11,25,12,29,57,644,1606271397.644000,0,1,0,1,0,0,0,0,0,0,
2020,11,25,12,29,57,746,1606271397.746000,0,1,0,1,0,0,0,0,0,0,
2020,11,25,12,29,57,848,1606271397.848000,0,1,0,1,0,0,0,0,0,0,
2020,11,25,12,29,57,954,1606271397.954000,0,1,0,1,0,0,0,0,0,0,
2020,11,25,12,29,58,59,1606271398.059000,0,1,0,1,0,0,0,0,0,0,
2020,11,25,12,29,58,160,1606271398.160000,0,1,0,1,0,0,0,0,0,0,
2020,11,25,12,29,58,262,1606271398.262000,0,1,0,1,0,0,0,0,0,0,
2020,11,25,12,29,58,363,1606271398.363000,0,1,0,1,0,0,0,0,0,0,
2020,11,25,12,29,58,470,1606271398.470000,0,1,0,1,0,0,0,0,0,0,
2020,11,25,12,29,58,572,1606271398.572000,0,1,0,1,0,0,0,0,0,0,
2020,11,25,12,29,58,674,1606271398.674000,0,1,0,1,0,0,0,0,0,0,
2020,11,25,12,29,58,776,1606271398.776000,0,1,0,1,0,0,0,0,0,0,
2020,11,25,12,29,58,878,1606271398.878000,0,1,0,1,0,0,0,0,0,0,
2020,11,25,12,29,58,982,1606271398.982000,0,1,0,1,0,0,0,0,0,0,
2020,11,25,12,29,59,86,1606271399.086000,0,1,0,1,17,0,17,30,52,0,
2020,11,25,12,29,59,187,1606271399.187000,0,1,0,1,17,0,17,30,52,0,
2020,11,25,12,29,59,292,1606271399.292000,0,1,0,1,17,0,17,30,52,0,
2020,11,25,12,29,59,398,1606271399.398000,0,1,0,1,17,0,17,30,52,0,
2020,11,25,12,29,59,509,1606271399.509000,0,1,0,1,17,0,17,30,52,0,
2020,11,25,12,29,59,614,1606271399.614000,0,1,0,1,17,0,17,30,52,0,
2020,11,25,12,29,59,715,1606271399.715000,0,1,0,1,17,0,17,30,52,0,
2020,11,25,12,29,59,817,1606271399.817000,0,1,0,1,17,0,17,30,52,0,
2020,11,25,12,29,59,919,1606271399.919000,0,1,0,1,17,0,17,30,52,0,
2020,11,25,12,30,0,21,1606271400.021000,0,1,0,1,17,0,17,30,52,0,
2020,11,25,12,30,0,122,1606271400.122000,0,1,0,1,17,0,17,30,52,0,
2020,11,25,12,30,0,224,1606271400.224000,0,1,0,1,17,0,17,30,52,0,
2020,11,25,12,30,0,327,1606271400.327000,0,1,0,1,17,0,17,30,52,0,
2020,11,25,12,30,0,432,1606271400.432000,0,1,0,1,17,0,17,30,52,0,
2020,11,25,12,30,0,534,1606271400.534000,0,1,0,1,17,0,17,30,52,0,
2020,11,25,12,30,0,635,1606271400.635000,0,1,0,1,17,0,17,30,52,0,
2020,11,25,12,30,0,742,1606271400.742000,0,1,0,1,17,0,17,30,52,0,
2020,11,25,12,30,0,847,1606271400.847000,0,1,0,1,17,0,17,30,52,0,
2020,11,25,12,30,0,948,1606271400.948000,0,1,0,1,17,0,17,30,52,0,
2020,11,25,12,30,1,50,1606271401.050000,0,1,0,1,17,0,17,30,52,0,
2020,11,25,12,30,1,153,1606271401.153000,0,1,0,1,17,0,17,30,52,0,
2020,11,25,12,30,1,255,1606271401.255000,0,1,0,1,17,0,17,30,52,0,
2020,11,25,12,30,1,357,1606271401.357000,0,1,0,1,17,0,17,30,52,0,
2020,11,25,12,30,1,463,1606271401.463000,0,1,0,1,17,0,17,30,52,0,
2020,11,25,12,30,1,566,1606271401.566000,0,1,0,1,17,0,17,30,52,0,
2020,11,25,12,30,1,669,1606271401.669000,0,1,0,1,17,0,17,30,52,0,
2020,11,25,12,30,1,770,1606271401.770000,0,1,0,1,17,0,17,30,52,0,
2020,11,25,12,30,1,873,1606271401.873000,0,1,0,1,17,0,17,30,52,0,
2020,11,25,12,30,1,974,1606271401.974000,0,1,0,1,17,0,17,30,52,0,
2020,11,25,12,30,2,76,1606271402.076000,0,1,0,1,17,0,17,30,52,0,
2020,11,25,12,30,2,178,1606271402.178000,0,1,0,1,17,0,17,30,52,0,
2020,11,25,12,30,2,281,1606271402.281000,0,1,0,1,17,0,17,30,52,0,
2020,11,25,12,30,2,383,1606271402.383000,0,1,0,1,17,0,17,30,52,0,
2020,11,25,12,30,2,485,1606271402.485000,0,1,0,1,17,0,17,30,52,0,
2020,11,25,12,30,2,587,1606271402.587000,0,1,0,1,17,0,17,30,52,0,
2020,11,25,12,30,2,689,1606271402.689000,0,1,0,1,17,0,17,30,52,0,
2020,11,25,12,30,2,791,1606271402.791000,0,1,0,1,17,0,17,30,52,0,
2020,11,25,12,30,2,898,1606271402.898000,0,1,0,1,17,0,17,30,52,0,
2020,11,25,12,30,3,1,1606271403.001000,0,1,0,1,17,0,17,30,52,0,
2020,11,25,12,30,3,107,1606271403.107000,0,1,0,1,17,0,17,30,52,0,
2020,11,25,12,30,3,208,1606271403.208000,0,1,0,1,17,0,17,30,52,0,
2020,11,25,12,30,3,313,1606271403.313000,0,1,0,1,17,0,17,30,52,0,
2020,11,25,12,30,3,419,1606271403.419000,0,1,0,1,17,0,17,30,52,0,
2020,11,25,12,30,3,522,1606271403.522000,0,1,0,1,17,0,17,30,52,0,
2020,11,25,12,30,3,626,1606271403.626000,0,1,0,1,17,0,17,30,52,0,
2020,11,25,12,30,3,731,1606271403.731000,0,1,0,1,17,0,17,30,52,0,
2020,11,25,12,30,3,833,1606271403.833000,0,1,0,1,17,0,17,30,52,0,
2020,11,25,12,30,3,935,1606271403.935000,0,1,0,1,17,0,17,30,52,0,
2020,11,25,12,30,4,36,1606271404.036000,0,1,0,1,17,0,17,30,52,0,
2020,11,25,12,30,4,139,1606271404.139000,0,1,0,1,17,0,17,30,52,0,
2020,11,25,12,30,4,244,1606271404.244000,0,1,0,1,17,0,17,30,52,0,
2020,11,25,12,30,4,349,1606271404.349000,0,1,0,1,17,0,17,30,52,0,
2020,11,25,12,30,4,451,1606271404.451000,0,1,0,1,17,0,17,30,52,0,
2020,11,25,12,30,4,554,1606271404.554000,0,1,0,1,17,0,17,30,52,0,
2020,11,25,12,30,4,657,1606271404.657000,0,1,0,1,17,0,17,30,52,0,
2020,11,25,12,30,4,762,1606271404.762000,0,1,0,1,17,0,17,30,52,0,
2020,11,25,12,30,4,865,1606271404.865000,0,1,0,1,17,0,17,30,52,0,
2020,11,25,12,30,4,967,1606271404.967000,0,1,0,1,17,0,17,30,52,0,
2020,11,25,12,30,5,69,1606271405.069000,0,1,0,1,17,0,17,30,52,0,
2020,11,25,12,30,5,171,1606271405.171000,0,1,0,1,17,0,17,30,52,0,
2020,11,25,12,30,5,274,1606271405.274000,0,1,0,1,17,0,17,30,52,0,
2020,11,25,12,30,5,375,1606271405.375000,0,1,0,1,17,0,17,30,52,0,
2020,11,25,12,30,5,477,1606271405.477000,0,1,0,1,17,0,17,30,52,0,
2020,11,25,12,30,5,580,1606271405.580000,0,1,0,1,17,0,17,30,52,0,
2020,11,25,12,30,5,688,1606271405.688000,0,1,0,1,17,0,17,30,52,0,
2020,11,25,12,30,5,790,1606271405.790000,0,1,0,1,17,0,17,30,52,0,
2020,11,25,12,30,5,893,1606271405.893000,0,1,0,1,17,0,17,30,52,0,
2020,11,25,12,30,5,995,1606271405.995000,0,1,0,1,17,0,17,30,52,0,
2020,11,25,12,30,6,97,1606271406.097000,0,1,0,1,17,0,17,30,52,0,
2020,11,25,12,30,6,200,1606271406.200000,0,1,0,1,17,0,17,30,52,0,
2020,11,25,12,30,6,303,1606271406.303000,0,1,0,1,17,0,17,30,52,0,
2020,11,25,12,30,6,405,1606271406.405000,0,1,0,1,17,0,17,30,52,0,
2020,11,25,12,30,6,508,1606271406.508000,0,1,0,1,17,0,17,30,52,0,
2020,11,25,12,30,6,612,1606271406.612000,0,1,0,1,17,0,17,30,52,0,
2020,11,25,12,30,6,719,1606271406.719000,0,1,0,1,17,0,17,30,52,0,
2020,11,25,12,30,6,822,1606271406.822000,0,1,0,1,17,0,17,30,52,0,
2020,11,25,12,30,6,924,1606271406.924000,0,1,0,1,17,0,17,30,52,0,
2020,11,25,12,30,7,26,1606271407.026000,0,1,0,1,17,0,17,30,52,0,
2020,11,25,12,30,7,128,1606271407.128000,0,1,0,1,17,0,17,30,52,0,
2020,11,25,12,30,7,230,1606271407.230000,0,1,0,1,17,0,17,30,52,0,
2020,11,25,12,30,7,335,1606271407.335000,0,1,0,1,17,0,17,30,52,0,
2020,11,25,12,30,7,436,1606271407.436000,0,1,0,1,17,0,17,30,52,0,
2020,11,25,12,30,7,539,1606271407.539000,0,1,0,1,17,0,17,30,52,0,
2020,11,25,12,30,7,642,1606271407.642000,0,1,0,1,17,0,17,30,52,0,
2020,11,25,12,30,7,744,1606271407.744000,0,1,0,1,17,0,17,30,52,0,
2020,11,25,12,30,7,846,1606271407.846000,0,1,0,1,17,0,17,30,52,0,
2020,11,25,12,30,7,948,1606271407.948000,0,1,0,1,17,0,17,30,52,0,
2020,11,25,12,30,8,49,1606271408.049000,0,1,0,1,17,0,17,30,52,0,
2020,11,25,12,30,8,153,1606271408.153000,0,1,0,1,17,0,17,30,52,0,
2020,11,25,12,30,8,255,1606271408.255000,0,1,0,1,17,0,17,30,52,0,
2020,11,25,12,30,8,361,1606271408.361000,0,1,0,1,17,0,17,30,52,0,
2020,11,25,12,30,8,466,1606271408.466000,0,1,0,1,17,0,17,30,52,0,
2020,11,25,12,30,8,570,1606271408.570000,0,1,0,1,17,0,17,30,52,0,
2020,11,25,12,30,8,674,1606271408.674000,0,1,0,1,17,0,17,30,52,0,
2020,11,25,12,30,8,777,1606271408.777000,0,1,0,1,17,0,17,30,52,0,
2020,11,25,12,30,8,879,1606271408.879000,0,1,0,1,17,0,17,30,52,0,
2020,11,25,12,30,8,980,1606271408.980000,0,1,0,1,17,0,17,30,52,0,
2020,11,25,12,30,9,84,1606271409.084000,0,1,0,1,17,0,17,30,52,0,
2020,11,25,12,30,9,190,1606271409.190000,0,1,0,1,17,0,17,30,52,0,
2020,11,25,12,30,9,295,1606271409.295000,0,1,0,1,17,0,17,30,52,0,
2020,11,25,12,30,9,405,1606271409.405000,0,1,0,1,17,0,17,30,52,0,
2020,11,25,12,30,9,510,1606271409.510000,0,1,0,1,17,0,17,30,52,0,
2020,11,25,12,30,9,613,1606271409.613000,0,1,0,1,17,0,17,30,52,0,
2020,11,25,12,30,9,714,1606271409.714000,0,1,0,1,17,0,17,30,52,0,
2020,11,25,12,30,9,816,1606271409.816000,0,1,0,1,17,0,17,30,52,0,
2020,11,25,12,30,9,918,1606271409.918000,0,1,0,1,17,0,17,30,52,0,
2020,11,25,12,30,10,20,1606271410.020000,0,1,0,1,17,0,17,30,52,0,
2020,11,25,12,30,10,123,1606271410.123000,0,1,0,1,17,0,17,30,52,0,
2020,11,25,12,30,10,226,1606271410.226000,0,1,0,1,17,0,17,30,52,0,
2020,11,25,12,30,10,328,1606271410.328000,0,1,0,1,17,0,17,30,52,0,
2020,11,25,12,30,10,429,1606271410.429000,0,1,0,1,17,0,17,30,52,0,
2020,11,25,12,30,10,532,1606271410.532000,0,1,0,1,17,0,17,30,52,0,
2020,11,25,12,30,10,634,1606271410.634000,0,1,0,1,17,0,17,30,52,0,
2020,11,25,12,30,10,739,1606271410.739000,0,1,0,1,17,0,17,30,52,0,
2020,11,25,12,30,10,841,1606271410.841000,0,1,0,1,17,0,17,30,52,0,
2020,11,25,12,30,10,942,1606271410.942000,0,1,0,1,17,0,17,30,52,0,
2020,11,25,12,30,11,44,1606271411.044000,0,1,0,1,17,0,17,30,52,0,
2020,11,25,12,30,11,145,1606271411.145000,0,1,0,1,17,0,17,30,52,0,
2020,11,25,12,30,11,247,1606271411.247000,0,1,0,1,17,0,17,30,52,0,
2020,11,25,12,30,11,349,1606271411.349000,0,1,0,1,17,0,17,30,52,0,
2020,11,25,12,30,11,453,1606271411.453000,0,1,0,1,17,0,17,30,52,0,
2020,11,25,12,30,11,555,1606271411.555000,0,1,0,1,17,0,17,30,52,0,
2020,11,25,12,30,11,656,1606271411.656000,0,1,0,1,17,0,17,30,52,0,
2020,11,25,12,30,11,758,1606271411.758000,0,1,0,1,17,0,17,30,52,0,
2020,11,25,12,30,11,860,1606271411.860000,0,1,0,1,17,0,17,30,52,0,
2020,11,25,12,30,11,962,1606271411.962000,0,1,0,1,17,0,17,30,52,0,
2020,11,25,12,30,12,64,1606271412.064000,0,1,0,1,17,0,17,30,52,0,
2020,11,25,12,30,12,166,1606271412.166000,0,1,0,1,17,0,17,30,52,0,
2020,11,25,12,30,12,268,1606271412.268000,0,1,0,1,17,0,17,30,52,0,
2020,11,25,12,30,12,369,1606271412.369000,0,1,0,1,17,0,17,30,52,0,
2020,11,25,12,30,12,472,1606271412.472000,0,1,0,1,17,0,17,30,52,0,
2020,11,25,12,30,12,574,1606271412.574000,0,1,0,1,17,0,17,30,52,0,
2020,11,25,12,30,12,676,1606271412.676000,0,1,0,1,17,0,17,30,52,0,
2020,11,25,12,30,12,778,1606271412.778000,0,1,0,1,17,0,17,30,52,0,
2020,11,25,12,30,12,880,1606271412.880000,0,1,0,1,17,0,17,30,52,0,
2020,11,25,12,30,12,982,1606271412.982000,0,1,0,1,17,0,17,30,52,0,
2020,11,25,12,30,13,84,1606271413.084000,0,1,0,1,17,0,17,30,52,0,
2020,11,25,12,30,13,185,1606271413.185000,0,1,0,1,17,0,17,30,52,0,
2020,11,25,12,30,13,288,1606271413.288000,0,1,0,1,17,0,17,30,52,0,
2020,11,25,12,30,13,391,1606271413.391000,0,1,0,1,17,0,17,30,52,0,
2020,11,25,12,30,13,493,1606271413.493000,0,1,0,1,17,0,17,30,52,0,
2020,11,25,12,30,13,595,1606271413.595000,0,1,0,1,17,0,17,30,52,0,
2020,11,25,12,30,13,701,1606271413.701000,0,1,0,1,17,0,17,30,52,0,
2020,11,25,12,30,13,803,1606271413.803000,0,1,0,1,17,0,17,30,52,0,
2020,11,25,12,30,13,905,1606271413.905000,0,1,0,1,17,0,17,30,52,0,
2020,11,25,12,30,14,7,1606271414.007000,0,1,0,1,17,0,17,30,52,0,
2020,11,25,12,30,14,110,1606271414.110000,0,1,0,1,17,0,17,30,52,0,
2020,11,25,12,30,14,213,1606271414.213000,0,1,0,1,17,0,17,30,52,0,
2020,11,25,12,30,14,316,1606271414.316000,0,1,0,1,17,0,17,30,52,0,
2020,11,25,12,30,14,419,1606271414.419000,0,1,0,1,17,0,17,30,52,0,
2020,11,25,12,30,14,521,1606271414.521000,0,1,0,1,17,0,17,30,52,0,
2020,11,25,12,30,14,623,1606271414.623000,0,1,0,1,17,0,17,30,52,0,
2020,11,25,12,30,14,726,1606271414.726000,0,1,0,1,17,0,17,30,52,0,
2020,11,25,12,30,14,829,1606271414.829000,0,1,0,1,17,0,17,30,52,0,
2020,11,25,12,30,14,931,1606271414.931000,0,1,0,1,17,0,17,30,52,0,
2020,11,25,12,30,15,32,1606271415.032000,0,1,0,1,17,0,17,30,52,0,
2020,11,25,12,30,15,134,1606271415.134000,0,1,0,1,17,0,17,30,52,0,
2020,11,25,12,30,15,236,1606271415.236000,0,1,0,1,17,0,17,30,52,0,
2020,11,25,12,30,15,337,1606271415.337000,0,1,0,1,17,0,17,30,52,0,
2020,11,25,12,30,15,439,1606271415.439000,0,1,0,1,17,0,17,30,52,0,
2020,11,25,12,30,15,544,1606271415.544000,0,1,0,1,17,0,17,30,52,0,
2020,11,25,12,30,15,646,1606271415.646000,0,1,0,1,17,0,17,30,52,0,
2020,11,25,12,30,15,748,1606271415.748000,0,1,0,1,17,0,17,30,52,0,
2020,11,25,12,30,15,852,1606271415.852000,0,1,0,1,17,0,17,30,52,0,
2020,11,25,12,30,15,955,1606271415.955000,0,1,0,1,17,0,17,30,52,0,
2020,11,25,12,30,16,57,1606271416.057000,0,1,0,1,17,0,17,30,52,0,
2020,11,25,12,30,16,159,1606271416.159000,0,1,0,1,17,0,17,30,52,0,
2020,11,25,12,30,16,261,1606271416.261000,0,1,0,1,17,0,17,30,52,0,
2020,11,25,12,30,16,363,1606271416.363000,0,1,0,1,17,0,17,30,52,0,
2020,11,25,12,30,16,465,1606271416.465000,0,1,0,1,17,0,17,30,52,0,
2020,11,25,12,30,16,569,1606271416.569000,0,1,0,1,17,0,17,30,52,0,
2020,11,25,12,30,16,671,1606271416.671000,0,1,0,1,17,0,17,30,52,0,
2020,11,25,12,30,16,773,1606271416.773000,0,1,0,1,17,0,17,30,52,0,
2020,11,25,12,30,16,875,1606271416.875000,0,1,0,1,17,0,17,30,52,0,
2020,11,25,12,30,16,976,1606271416.976000,0,1,0,1,17,0,17,30,52,0,
2020,11,25,12,30,17,78,1606271417.078000,0,1,0,1,17,0,17,30,52,0,
2020,11,25,12,30,17,181,1606271417.181000,0,1,0,1,17,0,17,30,52,0,
2020,11,25,12,30,17,284,1606271417.284000,0,1,0,1,17,0,17,30,52,0,
2020,11,25,12,30,17,386,1606271417.386000,0,1,0,1,17,0,17,30,52,0,
2020,11,25,12,30,17,489,1606271417.489000,0,1,0,1,17,0,17,30,52,0,
2020,11,25,12,30,17,592,1606271417.592000,0,1,0,1,17,0,17,30,52,0,
2020,11,25,12,30,17,694,1606271417.694000,0,1,0,1,17,0,17,30,52,0,
2020,11,25,12,30,17,797,1606271417.797000,0,1,0,1,17,0,17,30,52,0,
2020,11,25,12,30,17,899,1606271417.899000,0,1,0,1,17,0,17,30,52,0,
2020,11,25,12,30,18,1,1606271418.001000,0,1,0,1,17,0,17,30,52,0,
2020,11,25,12,30,18,107,1606271418.107000,0,1,0,1,17,0,17,30,52,0,
2020,11,25,12,30,18,209,1606271418.209000,0,1,0,1,17,0,17,30,52,0,
2020,11,25,12,30,18,310,1606271418.310000,0,1,0,1,17,0,17,30,52,0,
2020,11,25,12,30,18,412,1606271418.412000,0,1,0,1,17,0,17,30,52,0,
2020,11,25,12,30,18,515,1606271418.515000,0,1,0,1,17,0,17,30,52,0,
2020,11,25,12,30,18,618,1606271418.618000,0,1,0,1,17,0,17,30,52,0,
2020,11,25,12,30,18,721,1606271418.721000,0,1,0,1,17,0,17,30,52,0,
2020,11,25,12,30,18,823,1606271418.823000,0,1,0,1,17,0,17,30,52,0,
2020,11,25,12,30,18,925,1606271418.925000,0,1,0,1,17,0,17,30,52,0,
2020,11,25,12,30,19,27,1606271419.027000,0,1,0,1,17,0,17,30,52,0,
2020,11,25,12,30,19,130,1606271419.130000,0,1,0,1,17,0,17,30,52,0,
2020,11,25,12,30,19,233,1606271419.233000,0,1,0,1,17,0,17,30,52,0,
2020,11,25,12,30,19,335,1606271419.335000,0,1,0,1,17,0,17,30,52,0,
2020,11,25,12,30,19,438,1606271419.438000,0,1,0,1,17,0,17,30,52,0,
2020,11,25,12,30,19,541,1606271419.541000,0,1,0,1,17,0,17,30,52,0,
2020,11,25,12,30,19,644,1606271419.644000,0,1,0,1,17,0,17,30,52,0,
2020,11,25,12,30,19,746,1606271419.746000,0,1,0,1,17,0,17,30,52,0,
2020,11,25,12,30,19,847,1606271419.847000,0,1,0,1,17,0,17,30,52,0,
2020,11,25,12,30,19,949,1606271419.949000,0,1,0,1,17,0,17,30,52,0,
2020,11,25,12,30,20,51,1606271420.051000,0,1,0,1,17,0,17,30,52,0,
2020,11,25,12,30,20,155,1606271420.155000,0,1,0,1,17,0,17,30,52,0,
2020,11,25,12,30,20,257,1606271420.257000,0,1,0,1,17,0,17,30,52,0,
2020,11,25,12,30,20,360,1606271420.360000,0,1,0,1,17,0,17,30,52,0,
2020,11,25,12,30,20,462,1606271420.462000,0,1,0,1,17,0,17,30,52,0,
2020,11,25,12,30,20,564,1606271420.564000,0,1,0,1,17,0,17,30,52,0,
2020,11,25,12,30,20,667,1606271420.667000,0,1,0,1,17,0,17,30,52,0,
2020,11,25,12,30,20,769,1606271420.769000,0,1,0,1,17,0,17,30,52,0,
2020,11,25,12,30,20,871,1606271420.871000,0,1,0,1,17,0,17,30,52,0,
2020,11,25,12,30,20,974,1606271420.974000,0,1,0,1,17,0,17,30,52,0,
2020,11,25,12,30,21,77,1606271421.077000,0,1,0,1,17,0,17,30,52,0,
2020,11,25,12,30,21,179,1606271421.179000,0,1,0,1,17,0,17,30,52,0,
2020,11,25,12,30,21,281,1606271421.281000,0,1,0,1,17,0,17,30,52,0,
2020,11,25,12,30,21,383,1606271421.383000,0,1,0,1,17,0,17,30,52,0,
2020,11,25,12,30,21,485,1606271421.485000,0,1,0,1,17,0,17,30,52,0,
2020,11,25,12,30,21,587,1606271421.587000,0,1,0,1,17,0,17,30,52,0,
2020,11,25,12,30,21,690,1606271421.690000,0,1,0,1,17,0,17,30,52,0,
2020,11,25,12,30,21,793,1606271421.793000,0,1,0,1,17,0,17,30,52,0,
2020,11,25,12,30,21,897,1606271421.897000,0,1,0,1,17,0,17,30,52,0,
2020,11,25,12,30,21,999,1606271421.999000,0,1,0,1,17,0,17,30,52,0,
2020,11,25,12,30,22,103,1606271422.103000,0,1,0,1,17,0,17,30,52,0,
2020,11,25,12,30,22,210,1606271422.210000,0,1,0,1,17,0,17,30,52,0,
2020,11,25,12,30,22,312,1606271422.312000,0,1,0,1,17,0,17,30,52,0,
2020,11,25,12,30,22,415,1606271422.415000,0,1,0,1,17,0,17,30,52,0,
2020,11,25,12,30,22,517,1606271422.517000,0,1,0,1,17,0,17,30,52,0,
2020,11,25,12,30,22,623,1606271422.623000,0,1,0,1,17,0,17,30,52,0,
2020,11,25,12,30,22,725,1606271422.725000,0,1,0,1,17,0,17,30,52,0,
2020,11,25,12,30,22,827,1606271422.827000,0,1,0,1,17,0,17,30,52,0,
2020,11,25,12,30,22,931,1606271422.931000,0,1,0,1,17,0,17,30,52,0,
2020,11,25,12,30,23,34,1606271423.034000,0,1,0,1,17,0,17,30,52,0,
2020,11,25,12,30,23,136,1606271423.136000,0,1,0,1,17,0,17,30,52,0,
2020,11,25,12,30,23,239,1606271423.239000,0,1,0,1,17,0,17,30,52,0,
2020,11,25,12,30,23,341,1606271423.341000,0,1,0,1,17,0,17,30,52,0,
2020,11,25,12,30,23,444,1606271423.444000,0,1,0,1,17,0,17,30,52,0,
2020,11,25,12,30,23,547,1606271423.547000,0,1,0,1,17,0,17,30,52,0,
2020,11,25,12,30,23,649,1606271423.649000,0,1,0,1,17,0,17,30,52,0,
2020,11,25,12,30,23,754,1606271423.754000,0,1,0,1,17,0,17,30,52,0,
2020,11,25,12,30,23,855,1606271423.855000,0,1,0,1,17,0,17,30,52,0,
2020,11,25,12,30,23,957,1606271423.957000,0,1,0,1,17,0,17,30,52,0,
2020,11,25,12,30,24,60,1606271424.060000,0,1,0,1,17,0,17,30,52,0,
2020,11,25,12,30,24,162,1606271424.162000,0,1,0,1,17,0,17,30,52,0,
2020,11,25,12,30,24,265,1606271424.265000,0,1,0,1,17,0,17,30,52,0,
2020,11,25,12,30,24,367,1606271424.367000,0,1,0,1,17,0,17,30,52,0,
2020,11,25,12,30,24,469,1606271424.469000,0,1,0,1,17,0,17,30,52,0,
2020,11,25,12,30,24,572,1606271424.572000,0,1,0,1,17,0,17,30,52,0,
2020,11,25,12,30,24,675,1606271424.675000,0,1,0,1,17,0,17,30,52,0,
2020,11,25,12,30,24,777,1606271424.777000,0,1,0,1,17,0,17,30,52,0,
2020,11,25,12,30,24,880,1606271424.880000,0,1,0,1,17,0,17,30,52,0,
2020,11,25,12,30,24,982,1606271424.982000,0,1,0,1,17,0,17,30,52,0,
2020,11,25,12,30,25,85,1606271425.085000,0,1,0,1,17,0,17,30,52,0,
2020,11,25,12,30,25,189,1606271425.189000,0,1,0,1,17,0,17,30,52,0,
2020,11,25,12,30,25,291,1606271425.291000,0,1,0,1,17,0,17,30,52,0,
2020,11,25,12,30,25,393,1606271425.393000,0,1,0,1,17,0,17,30,52,0,
2020,11,25,12,30,25,495,1606271425.495000,0,1,0,1,17,0,17,30,52,0,
2020,11,25,12,30,25,597,1606271425.597000,0,1,0,1,17,0,17,30,52,0,
2020,11,25,12,30,25,700,1606271425.700000,0,1,0,1,17,0,17,30,52,0,
2020,11,25,12,30,25,806,1606271425.806000,0,1,0,1,17,0,17,30,52,0,
2020,11,25,12,30,25,908,1606271425.908000,0,1,0,1,17,0,17,30,52,0,
2020,11,25,12,30,26,10,1606271426.010000,0,1,0,1,17,0,17,30,52,0,
2020,11,25,12,30,26,112,1606271426.112000,0,1,0,1,17,0,17,30,52,0,
2020,11,25,12,30,26,214,1606271426.214000,0,1,0,1,17,0,17,30,52,0,
2020,11,25,12,30,26,319,1606271426.319000,0,1,0,1,17,0,17,30,52,0,
2020,11,25,12,30,26,421,1606271426.421000,0,1,0,1,17,0,17,30,52,0,
2020,11,25,12,30,26,523,1606271426.523000,0,1,0,1,17,0,17,30,52,0,
2020,11,25,12,30,26,625,1606271426.625000,0,1,0,1,17,0,17,30,52,0,
2020,11,25,12,30,26,727,1606271426.727000,0,1,0,1,17,0,17,30,52,0,
2020,11,25,12,30,26,828,1606271426.828000,0,1,0,1,17,0,17,30,52,0,
2020,11,25,12,30,26,935,1606271426.935000,0,1,0,1,17,0,17,30,52,0,
2020,11,25,12,30,27,36,1606271427.036000,0,1,0,1,17,0,17,30,52,0,
2020,11,25,12,30,27,139,1606271427.139000,0,1,0,1,17,0,17,30,52,0,
2020,11,25,12,30,27,241,1606271427.241000,0,1,0,1,17,0,17,30,52,0,
2020,11,25,12,30,27,346,1606271427.346000,0,1,0,1,17,0,17,30,52,0,
2020,11,25,12,30,27,449,1606271427.449000,0,1,0,1,17,0,17,30,52,0,
2020,11,25,12,30,27,554,1606271427.554000,0,1,0,1,17,0,17,30,52,0,
2020,11,25,12,30,27,658,1606271427.658000,0,1,0,1,17,0,17,30,52,0,
2020,11,25,12,30,27,763,1606271427.763000,0,1,0,1,17,0,17,30,52,0,
2020,11,25,12,30,27,868,1606271427.868000,0,1,0,1,17,0,17,30,52,0,
2020,11,25,12,30,27,971,1606271427.971000,0,1,0,1,17,0,17,30,52,0,
2020,11,25,12,30,28,74,1606271428.074000,0,1,0,1,17,0,17,30,52,0,
2020,11,25,12,30,28,176,1606271428.176000,0,1,0,1,17,0,17,30,52,0,
2020,11,25,12,30,28,279,1606271428.279000,0,1,0,1,17,0,17,30,52,0,
2020,11,25,12,30,28,383,1606271428.383000,0,1,0,1,17,0,17,30,52,0,
2020,11,25,12,30,28,488,1606271428.488000,0,1,0,1,17,0,17,30,52,0,
2020,11,25,12,30,28,591,1606271428.591000,0,1,0,1,17,0,17,30,52,0,
2020,11,25,12,30,28,693,1606271428.693000,0,1,0,1,17,0,17,30,52,0,
2020,11,25,12,30,28,795,1606271428.795000,0,1,0,1,17,0,17,30,52,0,
2020,11,25,12,30,28,897,1606271428.897000,0,1,0,1,17,0,17,30,52,0,
2020,11,25,12,30,28,998,1606271428.998000,0,1,0,1,17,0,17,30,52,0,
2020,11,25,12,30,29,107,1606271429.107000,0,1,0,1,17,0,17,30,52,0,
2020,11,25,12,30,29,208,1606271429.208000,0,1,0,1,17,0,17,30,52,0,
2020,11,25,12,30,29,310,1606271429.310000,0,1,0,1,17,0,17,30,52,0,
2020,11,25,12,30,29,412,1606271429.412000,0,1,0,1,17,0,17,30,52,0,
2020,11,25,12,30,29,514,1606271429.514000,0,1,0,1,17,0,17,30,52,0,
2020,11,25,12,30,29,616,1606271429.616000,0,1,0,1,17,0,17,30,52,0,
2020,11,25,12,30,29,718,1606271429.718000,0,1,0,1,17,0,17,30,52,0,
2020,11,25,12,30,29,821,1606271429.821000,0,1,0,1,17,0,17,30,52,0,
2020,11,25,12,30,29,923,1606271429.923000,0,1,0,1,17,0,17,30,52,0,
2020,11,25,12,30,30,26,1606271430.026000,0,1,0,1,17,0,17,30,52,0,
2020,11,25,12,30,30,128,1606271430.128000,0,1,0,1,17,0,17,30,52,0,
2020,11,25,12,30,30,231,1606271430.231000,0,1,0,1,17,0,17,30,52,0,
2020,11,25,12,30,30,333,1606271430.333000,0,1,0,1,17,0,17,30,52,0,
2020,11,25,12,30,30,435,1606271430.435000,0,1,0,1,17,0,17,30,52,0,
2020,11,25,12,30,30,538,1606271430.538000,0,1,0,1,17,0,17,30,52,0,
2020,11,25,12,30,30,640,1606271430.640000,0,1,0,1,17,0,17,30,52,0,
2020,11,25,12,30,30,743,1606271430.743000,0,1,0,1,17,0,17,30,52,0,
2020,11,25,12,30,30,845,1606271430.845000,0,1,0,1,17,0,17,30,52,0,
2020,11,25,12,30,30,949,1606271430.949000,0,1,0,1,17,0,17,30,52,0,
2020,11,25,12,30,31,51,1606271431.051000,0,1,0,1,17,0,17,30,52,0,
2020,11,25,12,30,31,155,1606271431.155000,0,1,0,1,17,0,17,30,52,0,
2020,11,25,12,30,31,257,1606271431.257000,0,1,0,1,17,0,17,30,52,0,
2020,11,25,12,30,31,359,1606271431.359000,0,1,0,1,17,0,17,30,52,0,
2020,11,25,12,30,31,461,1606271431.461000,0,1,0,1,17,0,17,30,52,0,
2020,11,25,12,30,31,562,1606271431.562000,0,1,0,1,17,0,17,30,52,0,
2020,11,25,12,30,31,664,1606271431.664000,0,1,0,1,17,0,17,30,52,0,
2020,11,25,12,30,31,767,1606271431.767000,0,1,0,1,17,0,17,30,52,0,
2020,11,25,12,30,31,869,1606271431.869000,0,1,0,1,17,0,17,30,52,0,
2020,11,25,12,30,31,971,1606271431.971000,0,1,0,1,17,0,17,30,52,0,
2020,11,25,12,30,32,73,1606271432.073000,0,1,0,1,17,0,17,30,52,0,
2020,11,25,12,30,32,177,1606271432.177000,0,1,0,1,17,0,17,30,52,0,
2020,11,25,12,30,32,280,1606271432.280000,0,1,0,1,17,0,17,30,52,0,
2020,11,25,12,30,32,383,1606271432.383000,0,1,0,1,17,0,17,30,52,0,
2020,11,25,12,30,32,485,1606271432.485000,0,1,0,1,17,0,17,30,52,0,
2020,11,25,12,30,32,590,1606271432.590000,0,1,0,1,17,0,17,30,52,0,
2020,11,25,12,30,32,692,1606271432.692000,0,1,0,1,17,0,17,30,52,0,
2020,11,25,12,30,32,793,1606271432.793000,0,1,0,1,17,0,17,30,52,0,
2020,11,25,12,30,32,896,1606271432.896000,0,1,0,1,17,0,17,30,52,0,
2020,11,25,12,30,33,0,1606271433.000000,0,1,0,1,17,0,17,30,52,0,
2020,11,25,12,30,33,104,1606271433.104000,0,1,0,1,17,0,17,30,52,0,
2020,11,25,12,30,33,207,1606271433.207000,0,1,0,1,17,0,17,30,52,0,
2020,11,25,12,30,33,309,1606271433.309000,0,1,0,1,17,0,17,30,52,0,
2020,11,25,12,30,33,412,1606271433.412000,0,1,0,1,17,0,17,30,52,0,
2020,11,25,12,30,33,514,1606271433.514000,0,1,0,1,17,0,17,30,52,0,
2020,11,25,12,30,33,616,1606271433.616000,0,1,0,1,17,0,17,30,52,0,
2020,11,25,12,30,33,718,1606271433.718000,0,1,0,1,17,0,17,30,52,0,
2020,11,25,12,30,33,820,1606271433.820000,0,1,0,1,17,0,17,30,52,0,
2020,11,25,12,30,33,921,1606271433.921000,0,1,0,1,17,0,17,30,52,0,
2020,11,25,12,30,34,25,1606271434.025000,0,1,0,1,17,0,17,30,52,0,
2020,11,25,12,30,34,128,1606271434.128000,0,1,0,1,17,0,17,30,52,0,
2020,11,25,12,30,34,230,1606271434.230000,0,1,0,1,17,0,17,30,52,0,
2020,11,25,12,30,34,333,1606271434.333000,0,1,0,1,17,0,17,30,52,0,
2020,11,25,12,30,34,434,1606271434.434000,0,1,0,1,17,0,17,30,52,0,
2020,11,25,12,30,34,536,1606271434.536000,0,1,0,1,17,0,17,30,52,0,
2020,11,25,12,30,34,640,1606271434.640000,0,1,0,1,17,0,17,30,52,0,
2020,11,25,12,30,34,742,1606271434.742000,0,1,0,1,17,0,17,30,52,0,
2020,11,25,12,30,34,844,1606271434.844000,0,1,0,1,17,0,17,30,52,0,
2020,11,25,12,30,34,947,1606271434.947000,0,1,0,1,17,0,17,30,52,0,
2020,11,25,12,30,35,50,1606271435.050000,0,1,0,1,17,0,17,30,52,0,
2020,11,25,12,30,35,153,1606271435.153000,0,1,0,1,17,0,17,30,52,0,
2020,11,25,12,30,35,255,1606271435.255000,0,1,0,1,17,0,17,30,52,0,
2020,11,25,12,30,35,357,1606271435.357000,0,1,0,1,17,0,17,30,52,0,
2020,11,25,12,30,35,459,1606271435.459000,0,1,0,1,17,0,17,30,52,0,
2020,11,25,12,30,35,561,1606271435.561000,0,1,0,1,17,0,17,30,52,0,
2020,11,25,12,30,35,663,1606271435.663000,0,1,0,1,17,0,17,30,52,0,
2020,11,25,12,30,35,765,1606271435.765000,0,1,0,1,17,0,17,30,52,0,
2020,11,25,12,30,35,867,1606271435.867000,0,1,0,1,17,0,17,30,52,0,
2020,11,25,12,30,35,970,1606271435.970000,0,1,0,1,17,0,17,30,52,0,
2020,11,25,12,30,36,73,1606271436.073000,0,1,0,1,17,0,17,30,52,0,
2020,11,25,12,30,36,176,1606271436.176000,0,1,0,1,17,0,17,30,52,0,
2020,11,25,12,30,36,278,1606271436.278000,0,1,0,1,17,0,17,30,52,0,
2020,11,25,12,30,36,380,1606271436.380000,0,1,0,1,17,0,17,30,52,0,
2020,11,25,12,30,36,482,1606271436.482000,0,1,0,1,17,0,17,30,52,0,
2020,11,25,12,30,36,584,1606271436.584000,0,1,0,1,17,0,17,30,52,0,
2020,11,25,12,30,36,686,1606271436.686000,0,1,0,1,17,0,17,30,52,0,
2020,11,25,12,30,36,789,1606271436.789000,0,1,0,1,17,0,17,30,52,0,
2020,11,25,12,30,36,893,1606271436.893000,0,1,0,1,17,0,17,30,52,0,
2020,11,25,12,30,36,996,1606271436.996000,0,1,0,1,17,0,17,30,52,0,
2020,11,25,12,30,37,99,1606271437.099000,0,1,0,1,17,0,17,30,52,0,
2020,11,25,12,30,37,207,1606271437.207000,0,1,0,1,17,0,17,30,52,0,
2020,11,25,12,30,37,309,1606271437.309000,0,1,0,1,17,0,17,30,52,0,
2020,11,25,12,30,37,413,1606271437.413000,0,1,0,1,17,0,17,30,52,0,
2020,11,25,12,30,37,514,1606271437.514000,0,1,0,1,17,0,17,30,52,0,
2020,11,25,12,30,37,616,1606271437.616000,0,1,0,1,17,0,17,30,52,0,
2020,11,25,12,30,37,719,1606271437.719000,0,1,0,1,17,0,17,30,52,0,
2020,11,25,12,30,37,821,1606271437.821000,0,1,0,1,17,0,17,30,52,0,
2020,11,25,12,30,37,923,1606271437.923000,0,1,0,1,17,0,17,30,52,0,
2020,11,25,12,30,38,26,1606271438.026000,0,1,0,1,17,0,17,30,52,0,
2020,11,25,12,30,38,128,1606271438.128000,0,1,0,1,17,0,17,30,52,0,
2020,11,25,12,30,38,232,1606271438.232000,0,1,0,1,17,0,17,30,52,0,
2020,11,25,12,30,38,334,1606271438.334000,0,1,0,1,17,0,17,30,52,0,
2020,11,25,12,30,38,436,1606271438.436000,0,1,0,1,17,0,17,30,52,0,
2020,11,25,12,30,38,540,1606271438.540000,0,1,0,1,17,0,17,30,52,0,
2020,11,25,12,30,38,642,1606271438.642000,0,1,0,1,17,0,17,30,52,0,
2020,11,25,12,30,38,745,1606271438.745000,0,1,0,1,17,0,17,30,52,0,
2020,11,25,12,30,38,847,1606271438.847000,0,1,0,1,17,0,17,30,52,0,
2020,11,25,12,30,38,948,1606271438.948000,0,1,0,1,17,0,17,30,52,0,
2020,11,25,12,30,39,50,1606271439.050000,0,1,0,1,17,0,17,30,52,0,
2020,11,25,12,30,39,154,1606271439.154000,0,1,0,1,17,0,17,30,52,0,
2020,11,25,12,30,39,256,1606271439.256000,0,1,0,1,17,0,17,30,52,0,
2020,11,25,12,30,39,357,1606271439.357000,0,1,0,1,17,0,17,30,52,0,
2020,11,25,12,30,39,460,1606271439.460000,0,1,0,1,17,0,17,30,52,0,
2020,11,25,12,30,39,563,1606271439.563000,0,1,0,1,17,0,17,30,52,0,
2020,11,25,12,30,39,666,1606271439.666000,0,1,0,1,17,0,17,30,52,0,
2020,11,25,12,30,39,769,1606271439.769000,0,1,0,1,17,0,17,30,52,0,
2020,11,25,12,30,39,870,1606271439.870000,0,1,0,1,17,0,17,30,52,0,
2020,11,25,12,30,39,972,1606271439.972000,0,1,0,1,17,0,17,30,52,0,
2020,11,25,12,30,40,74,1606271440.074000,0,1,0,1,17,0,17,30,52,0,
2020,11,25,12,30,40,177,1606271440.177000,0,1,0,1,17,0,17,30,52,0,
2020,11,25,12,30,40,279,1606271440.279000,0,1,0,1,17,0,17,30,52,0,
2020,11,25,12,30,40,381,1606271440.381000,0,1,0,1,17,0,17,30,52,0,
2020,11,25,12,30,40,483,1606271440.483000,0,1,0,1,17,0,17,30,52,0,
2020,11,25,12,30,40,587,1606271440.587000,0,1,0,1,17,0,17,30,52,0,
2020,11,25,12,30,40,692,1606271440.692000,0,1,0,1,17,0,17,30,52,0,
2020,11,25,12,30,40,795,1606271440.795000,0,1,0,1,17,0,17,30,52,0,
2020,11,25,12,30,40,898,1606271440.898000,0,1,0,1,17,0,17,30,52,0,
2020,11,25,12,30,41,1,1606271441.001000,0,1,0,1,17,0,17,30,52,0,
2020,11,25,12,30,41,108,1606271441.108000,0,1,0,1,17,0,17,30,52,0,
2020,11,25,12,30,41,211,1606271441.211000,0,1,0,1,17,0,17,30,52,0,
2020,11,25,12,30,41,313,1606271441.313000,0,1,0,1,17,0,17,30,52,0,
2020,11,25,12,30,41,416,1606271441.416000,0,1,0,1,17,0,17,30,52,0,
2020,11,25,12,30,41,518,1606271441.518000,0,1,0,1,17,0,17,30,52,0,
2020,11,25,12,30,41,621,1606271441.621000,0,1,0,1,17,0,17,30,52,0,
2020,11,25,12,30,41,724,1606271441.724000,0,1,0,1,17,0,17,30,52,0,
2020,11,25,12,30,41,827,1606271441.827000,0,1,0,1,17,0,17,30,52,0,
2020,11,25,12,30,41,930,1606271441.930000,0,1,0,1,17,0,17,30,52,0,
2020,11,25,12,30,42,32,1606271442.032000,0,1,0,1,17,0,17,30,52,0,
2020,11,25,12,30,42,136,1606271442.136000,0,1,0,1,17,0,17,30,52,0,
2020,11,25,12,30,42,238,1606271442.238000,0,1,0,1,17,0,17,30,52,0,
2020,11,25,12,30,42,339,1606271442.339000,0,1,0,1,17,0,17,30,52,0,
2020,11,25,12,30,42,442,1606271442.442000,0,1,0,1,17,0,17,30,52,0,
2020,11,25,12,30,42,544,1606271442.544000,0,1,0,1,17,0,17,30,52,0,
2020,11,25,12,30,42,646,1606271442.646000,0,1,0,1,17,0,17,30,52,0,
2020,11,25,12,30,42,748,1606271442.748000,0,1,0,1,17,0,17,30,52,0,
2020,11,25,12,30,42,851,1606271442.851000,0,1,0,1,17,0,17,30,52,0,
2020,11,25,12,30,42,954,1606271442.954000,0,1,0,1,17,0,17,30,52,0,
2020,11,25,12,30,43,56,1606271443.056000,0,1,0,1,17,0,17,30,52,0,
2020,11,25,12,30,43,159,1606271443.159000,0,1,0,1,17,0,17,30,52,0,
2020,11,25,12,30,43,261,1606271443.261000,0,1,0,1,17,0,17,30,52,0,
2020,11,25,12,30,43,363,1606271443.363000,0,1,0,1,17,0,17,30,52,0,
2020,11,25,12,30,43,465,1606271443.465000,0,1,0,1,17,0,17,30,52,0,
2020,11,25,12,30,43,568,1606271443.568000,0,1,0,1,17,0,17,30,52,0,
2020,11,25,12,30,43,670,1606271443.670000,0,1,0,1,17,0,17,30,52,0,
2020,11,25,12,30,43,773,1606271443.773000,0,1,0,1,17,0,17,30,52,0,
2020,11,25,12,30,43,876,1606271443.876000,0,1,0,1,17,0,17,30,52,0,
2020,11,25,12,30,43,978,1606271443.978000,0,1,0,1,17,0,17,30,52,0,
2020,11,25,12,30,44,82,1606271444.082000,0,1,0,1,17,0,17,30,52,0,
2020,11,25,12,30,44,184,1606271444.184000,0,1,0,1,17,0,17,30,52,0,
2020,11,25,12,30,44,286,1606271444.286000,0,1,0,1,17,0,17,30,52,0,
2020,11,25,12,30,44,390,1606271444.390000,0,1,0,1,17,0,17,30,52,0,
2020,11,25,12,30,44,492,1606271444.492000,0,1,0,1,17,0,17,30,52,0,
2020,11,25,12,30,44,594,1606271444.594000,0,1,0,1,17,0,17,30,52,0,
2020,11,25,12,30,44,697,1606271444.697000,0,1,0,1,17,0,17,30,52,0,
2020,11,25,12,30,44,800,1606271444.800000,0,1,0,1,17,0,17,30,52,0,
2020,11,25,12,30,44,907,1606271444.907000,0,1,0,1,17,0,17,30,52,0,
2020,11,25,12,30,45,11,1606271445.011000,0,1,0,1,17,0,17,30,52,0,
2020,11,25,12,30,45,113,1606271445.113000,0,1,0,1,17,0,17,30,52,0,
2020,11,25,12,30,45,216,1606271445.216000,0,1,0,1,17,0,17,30,52,0,
2020,11,25,12,30,45,318,1606271445.318000,0,1,0,1,17,0,17,30,52,0,
2020,11,25,12,30,45,420,1606271445.420000,0,1,0,1,17,0,17,30,52,0,
2020,11,25,12,30,45,522,1606271445.522000,0,1,0,1,17,0,17,30,52,0,
2020,11,25,12,30,45,624,1606271445.624000,0,1,0,1,17,0,17,30,52,0,
2020,11,25,12,30,45,726,1606271445.726000,0,1,0,1,17,0,17,30,52,0,
2020,11,25,12,30,45,829,1606271445.829000,0,1,0,1,17,0,17,30,52,0,
2020,11,25,12,30,45,932,1606271445.932000,0,1,0,1,17,0,17,30,52,0,
2020,11,25,12,30,46,34,1606271446.034000,0,1,0,1,17,0,17,30,52,0,
2020,11,25,12,30,46,137,1606271446.137000,0,1,0,1,17,0,17,30,52,0,
2020,11,25,12,30,46,239,1606271446.239000,0,1,0,1,17,0,17,30,52,0,
2020,11,25,12,30,46,341,1606271446.341000,0,1,0,1,17,0,17,30,52,0,
2020,11,25,12,30,46,444,1606271446.444000,0,1,0,1,17,0,17,30,52,0,
2020,11,25,12,30,46,547,1606271446.547000,0,1,0,1,17,0,17,30,52,0,
2020,11,25,12,30,46,650,1606271446.650000,0,1,0,1,17,0,17,30,52,0,
2020,11,25,12,30,46,754,1606271446.754000,0,1,0,1,17,0,17,30,52,0,
2020,11,25,12,30,46,856,1606271446.856000,0,1,0,1,17,0,17,30,52,0,
2020,11,25,12,30,46,958,1606271446.958000,0,1,0,1,17,0,17,30,52,0,
2020,11,25,12,30,47,59,1606271447.059000,0,1,0,1,17,0,17,30,52,0,
2020,11,25,12,30,47,162,1606271447.162000,0,1,0,1,17,0,17,30,52,0,
2020,11,25,12,30,47,265,1606271447.265000,0,1,0,1,17,0,17,30,52,0,
2020,11,25,12,30,47,366,1606271447.366000,0,1,0,1,17,0,17,30,52,0,
2020,11,25,12,30,47,469,1606271447.469000,0,1,0,1,17,0,17,30,52,0,
2020,11,25,12,30,47,571,1606271447.571000,0,1,0,1,17,0,17,30,52,0,
2020,11,25,12,30,47,673,1606271447.673000,0,1,0,1,17,0,17,30,52,0,
2020,11,25,12,30,47,774,1606271447.774000,0,1,0,1,17,0,17,30,52,0,
2020,11,25,12,30,47,876,1606271447.876000,0,1,0,1,17,0,17,30,52,0,
2020,11,25,12,30,47,977,1606271447.977000,0,1,0,1,17,0,17,30,52,0,
2020,11,25,12,30,48,80,1606271448.080000,0,1,0,1,17,0,17,30,52,0,
2020,11,25,12,30,48,183,1606271448.183000,0,1,0,1,17,0,17,30,52,0,
2020,11,25,12,30,48,285,1606271448.285000,0,1,0,1,17,0,17,30,52,0,
2020,11,25,12,30,48,387,1606271448.387000,0,1,0,1,17,0,17,30,52,0,
2020,11,25,12,30,48,489,1606271448.489000,0,1,0,1,17,0,17,30,52,0,
2020,11,25,12,30,48,591,1606271448.591000,0,1,0,1,17,0,17,30,52,0,
2020,11,25,12,30,48,693,1606271448.693000,0,1,0,1,17,0,17,30,52,0,
2020,11,25,12,30,48,795,1606271448.795000,0,1,0,1,17,0,17,30,52,0,
2020,11,25,12,30,48,898,1606271448.898000,0,1,0,1,17,0,17,30,52,0,
2020,11,25,12,30,49,1,1606271449.001000,0,1,0,1,17,0,17,30,52,0,
2020,11,25,12,30,49,108,1606271449.108000,0,1,0,1,17,0,17,30,52,0,
2020,11,25,12,30,49,211,1606271449.211000,0,1,0,1,17,0,17,30,52,0,
2020,11,25,12,30,49,313,1606271449.313000,0,1,0,1,17,0,17,30,52,0,
2020,11,25,12,30,49,416,1606271449.416000,0,1,0,1,17,0,17,30,52,0,
2020,11,25,12,30,49,519,1606271449.519000,0,1,0,1,17,0,17,30,52,0,
2020,11,25,12,30,49,621,1606271449.621000,0,1,0,1,17,0,17,30,52,0,
2020,11,25,12,30,49,724,1606271449.724000,0,1,0,1,17,0,17,30,52,0,
2020,11,25,12,30,49,826,1606271449.826000,0,1,0,1,17,0,17,30,52,0,
2020,11,25,12,30,49,928,1606271449.928000,0,1,0,1,17,0,17,30,52,0,
2020,11,25,12,30,50,30,1606271450.030000,0,1,0,1,17,0,17,30,52,0,
2020,11,25,12,30,50,133,1606271450.133000,0,1,0,1,17,0,17,30,52,0,
2020,11,25,12,30,50,235,1606271450.235000,0,1,0,1,17,0,17,30,52,0,
2020,11,25,12,30,50,337,1606271450.337000,0,1,0,1,17,0,17,30,52,0,
2020,11,25,12,30,50,440,1606271450.440000,0,1,0,1,17,0,17,30,52,0,
2020,11,25,12,30,50,542,1606271450.542000,0,1,0,1,17,0,17,30,52,0,
2020,11,25,12,30,50,645,1606271450.645000,0,1,0,1,17,0,17,30,52,0,
2020,11,25,12,30,50,748,1606271450.748000,0,1,0,1,17,0,17,30,52,0,
2020,11,25,12,30,50,851,1606271450.851000,0,1,0,1,17,0,17,30,52,0,
2020,11,25,12,30,50,955,1606271450.955000,0,1,0,1,17,0,17,30,52,0,
2020,11,25,12,30,51,58,1606271451.058000,0,1,0,1,17,0,17,30,52,0,
2020,11,25,12,30,51,160,1606271451.160000,0,1,0,1,17,0,17,30,52,0,
2020,11,25,12,30,51,262,1606271451.262000,0,1,0,1,17,0,17,30,52,0,
2020,11,25,12,30,51,365,1606271451.365000,0,1,0,1,17,0,17,30,52,0,
2020,11,25,12,30,51,467,1606271451.467000,0,1,0,1,17,0,17,30,52,0,
2020,11,25,12,30,51,569,1606271451.569000,0,1,0,1,17,0,17,30,52,0,
2020,11,25,12,30,51,671,1606271451.671000,0,1,0,1,17,0,17,30,52,0,
2020,11,25,12,30,51,772,1606271451.772000,0,1,0,1,17,0,17,30,52,0,
2020,11,25,12,30,51,874,1606271451.874000,0,1,0,1,17,0,17,30,52,0,
2020,11,25,12,30,51,976,1606271451.976000,0,1,0,1,17,0,17,30,52,0,
2020,11,25,12,30,52,78,1606271452.078000,0,1,0,1,17,0,17,30,52,0,
2020,11,25,12,30,52,181,1606271452.181000,0,1,0,1,17,0,17,30,52,0,
2020,11,25,12,30,52,286,1606271452.286000,0,1,0,1,17,0,17,30,52,0,
2020,11,25,12,30,52,388,1606271452.388000,0,1,0,1,17,0,17,30,52,0,
2020,11,25,12,30,52,490,1606271452.490000,0,1,0,1,17,0,17,30,52,0,
2020,11,25,12,30,52,592,1606271452.592000,0,1,0,1,17,0,17,30,52,0,
2020,11,25,12,30,52,696,1606271452.696000,0,1,0,1,17,0,17,30,52,0,
2020,11,25,12,30,52,799,1606271452.799000,0,1,0,1,17,0,17,30,52,0,
2020,11,25,12,30,52,901,1606271452.901000,0,1,0,1,17,0,17,30,52,0,
2020,11,25,12,30,53,5,1606271453.005000,0,1,0,1,17,0,17,30,52,0,
2020,11,25,12,30,53,107,1606271453.107000,0,1,0,1,17,0,17,30,52,0,
2020,11,25,12,30,53,211,1606271453.211000,0,1,0,1,17,0,17,30,52,0,
2020,11,25,12,30,53,314,1606271453.314000,0,1,0,1,17,0,17,30,52,0,
2020,11,25,12,30,53,416,1606271453.416000,0,1,0,1,17,0,17,30,52,0,
2020,11,25,12,30,53,518,1606271453.518000,0,1,0,1,17,0,17,30,52,0,
2020,11,25,12,30,53,620,1606271453.620000,0,1,0,1,17,0,17,30,52,0,
2020,11,25,12,30,53,722,1606271453.722000,0,1,0,1,17,0,17,30,52,0,
2020,11,25,12,30,53,824,1606271453.824000,0,1,0,1,17,0,17,30,52,0,
2020,11,25,12,30,53,926,1606271453.926000,0,1,0,1,17,0,17,30,52,0,
2020,11,25,12,30,54,29,1606271454.029000,0,1,0,1,17,0,17,30,52,0,
2020,11,25,12,30,54,131,1606271454.131000,0,1,0,1,17,0,17,30,52,0,
2020,11,25,12,30,54,233,1606271454.233000,0,1,0,1,17,0,17,30,52,0,
2020,11,25,12,30,54,336,1606271454.336000,0,1,0,1,17,0,17,30,52,0,
2020,11,25,12,30,54,437,1606271454.437000,0,1,0,1,17,0,17,30,52,0,
2020,11,25,12,30,54,543,1606271454.543000,0,1,0,1,17,0,17,30,52,0,
2020,11,25,12,30,54,645,1606271454.645000,0,1,0,1,17,0,17,30,52,0,
2020,11,25,12,30,54,748,1606271454.748000,0,1,0,1,17,0,17,30,52,0,
2020,11,25,12,30,54,850,1606271454.850000,0,1,0,1,17,0,17,30,52,0,
2020,11,25,12,30,54,956,1606271454.956000,0,1,0,1,17,0,17,30,52,0,
2020,11,25,12,30,55,58,1606271455.058000,0,1,0,1,17,0,17,30,52,0,
2020,11,25,12,30,55,162,1606271455.162000,0,1,0,1,17,0,17,30,52,0,
2020,11,25,12,30,55,264,1606271455.264000,0,1,0,1,17,0,17,30,52,0,
2020,11,25,12,30,55,366,1606271455.366000,0,1,0,1,17,0,17,30,52,0,
2020,11,25,12,30,55,469,1606271455.469000,0,1,0,1,17,0,17,30,52,0,
2020,11,25,12,30,55,571,1606271455.571000,0,1,0,1,17,0,17,30,52,0,
2020,11,25,12,30,55,673,1606271455.673000,0,1,0,1,17,0,17,30,52,0,
2020,11,25,12,30,55,775,1606271455.775000,0,1,0,1,17,0,17,30,52,0,
2020,11,25,12,30,55,878,1606271455.878000,0,1,0,1,17,0,17,30,52,0,
2020,11,25,12,30,55,981,1606271455.981000,0,1,0,1,17,0,17,30,52,0,
2020,11,25,12,30,56,83,1606271456.083000,0,1,0,1,17,0,17,30,52,0,
2020,11,25,12,30,56,185,1606271456.185000,0,1,0,1,17,0,17,30,52,0,
2020,11,25,12,30,56,288,1606271456.288000,0,1,0,1,17,0,17,30,52,0,
2020,11,25,12,30,56,389,1606271456.389000,0,1,0,1,17,0,17,30,52,0,
2020,11,25,12,30,56,492,1606271456.492000,0,1,0,1,17,0,17,30,52,0,
2020,11,25,12,30,56,594,1606271456.594000,0,1,0,1,17,0,17,30,52,0,
2020,11,25,12,30,56,696,1606271456.696000,0,1,0,1,17,0,17,30,52,0,
2020,11,25,12,30,56,798,1606271456.798000,0,1,0,1,17,0,17,30,52,0,
2020,11,25,12,30,56,901,1606271456.901000,0,1,0,1,17,0,17,30,52,0,
2020,11,25,12,30,57,3,1606271457.003000,0,1,0,1,17,0,17,30,52,0,
2020,11,25,12,30,57,105,1606271457.105000,0,1,0,1,17,0,17,30,52,0,
2020,11,25,12,30,57,208,1606271457.208000,0,1,0,1,17,0,17,30,52,0,
2020,11,25,12,30,57,310,1606271457.310000,0,1,0,1,17,0,17,30,52,0,
2020,11,25,12,30,57,414,1606271457.414000,0,1,0,1,17,0,17,30,52,0,
2020,11,25,12,30,57,516,1606271457.516000,0,1,0,1,17,0,17,30,52,0,
2020,11,25,12,30,57,618,1606271457.618000,0,1,0,1,17,0,17,30,52,0,
2020,11,25,12,30,57,720,1606271457.720000,0,1,0,1,17,0,17,30,52,0,
2020,11,25,12,30,57,822,1606271457.822000,0,1,0,1,17,0,17,30,52,0,
2020,11,25,12,30,57,924,1606271457.924000,0,1,0,1,17,0,17,30,52,0,
2020,11,25,12,30,58,26,1606271458.026000,0,1,0,1,17,0,17,30,52,0,
2020,11,25,12,30,58,127,1606271458.127000,0,1,0,1,17,0,17,30,52,0,
2020,11,25,12,30,58,229,1606271458.229000,0,1,0,1,17,0,17,30,52,0,
2020,11,25,12,30,58,332,1606271458.332000,0,1,0,1,17,0,17,30,52,0,
2020,11,25,12,30,58,433,1606271458.433000,0,1,0,1,17,0,17,30,52,0,
2020,11,25,12,30,58,535,1606271458.535000,0,1,0,1,17,0,17,30,52,0,
2020,11,25,12,30,58,638,1606271458.638000,0,1,0,1,17,0,17,30,52,0,
2020,11,25,12,30,58,740,1606271458.740000,0,1,0,1,17,0,17,30,52,0,
2020,11,25,12,30,58,843,1606271458.843000,0,1,0,1,17,0,17,30,52,0,
2020,11,25,12,30,58,945,1606271458.945000,0,1,0,1,17,0,17,30,52,0,
2020,11,25,12,30,59,48,1606271459.048000,0,1,0,1,17,0,17,30,52,0,
2020,11,25,12,30,59,150,1606271459.150000,0,1,0,1,17,0,17,30,52,0,
2020,11,25,12,30,59,255,1606271459.255000,0,1,0,1,17,0,17,30,52,0,
2020,11,25,12,30,59,358,1606271459.358000,0,1,0,1,17,0,17,30,52,0,
2020,11,25,12,30,59,461,1606271459.461000,0,1,0,1,17,0,17,30,52,0,
2020,11,25,12,30,59,566,1606271459.566000,0,1,0,1,17,0,17,30,52,0,
2020,11,25,12,30,59,669,1606271459.669000,0,1,0,1,17,0,17,30,52,0,
2020,11,25,12,30,59,770,1606271459.770000,0,1,0,1,17,0,17,30,52,0,
2020,11,25,12,30,59,872,1606271459.872000,0,1,0,1,17,0,17,30,52,0,
2020,11,25,12,30,59,975,1606271459.975000,0,1,0,1,17,0,17,30,52,0,
2020,11,25,12,31,0,77,1606271460.077000,0,1,0,1,17,0,17,30,52,0,
2020,11,25,12,31,0,179,1606271460.179000,0,1,0,1,17,0,17,30,52,0,
2020,11,25,12,31,0,281,1606271460.281000,0,1,0,1,17,0,17,30,52,0,
2020,11,25,12,31,0,384,1606271460.384000,0,1,0,1,17,0,17,30,52,0,
2020,11,25,12,31,0,486,1606271460.486000,0,1,0,1,17,0,17,30,52,0,
2020,11,25,12,31,0,588,1606271460.588000,0,1,0,1,17,0,17,30,52,0,
2020,11,25,12,31,0,692,1606271460.692000,0,1,0,1,17,0,17,30,52,0,
2020,11,25,12,31,0,796,1606271460.796000,0,1,0,1,17,0,17,30,52,0,
2020,11,25,12,31,0,898,1606271460.898000,0,1,0,1,17,0,17,30,52,0,
2020,11,25,12,31,0,999,1606271460.999000,0,1,0,1,17,0,17,30,52,0,
2020,11,25,12,31,1,102,1606271461.102000,0,1,0,1,17,0,17,30,52,0,
2020,11,25,12,31,1,206,1606271461.206000,0,1,0,1,17,0,17,30,52,0,
2020,11,25,12,31,1,308,1606271461.308000,0,1,0,1,17,0,17,30,52,0,
2020,11,25,12,31,1,410,1606271461.410000,0,1,0,1,17,0,17,30,52,0,
2020,11,25,12,31,1,512,1606271461.512000,0,1,0,1,17,0,17,30,52,0,
2020,11,25,12,31,1,615,1606271461.615000,0,1,0,1,17,0,17,30,52,0,
2020,11,25,12,31,1,717,1606271461.717000,0,1,0,1,17,0,17,30,52,0,
2020,11,25,12,31,1,819,1606271461.819000,0,1,0,1,17,0,17,30,52,0,
2020,11,25,12,31,1,921,1606271461.921000,0,1,0,1,17,0,17,30,52,0,
2020,11,25,12,31,2,23,1606271462.023000,0,1,0,1,17,0,17,30,52,0,
2020,11,25,12,31,2,125,1606271462.125000,0,1,0,1,17,0,17,30,52,0,
2020,11,25,12,31,2,228,1606271462.228000,0,1,0,1,17,0,17,30,52,0,
2020,11,25,12,31,2,330,1606271462.330000,0,1,0,1,17,0,17,30,52,0,
2020,11,25,12,31,2,433,1606271462.433000,0,1,0,1,17,0,17,30,52,0,
2020,11,25,12,31,2,535,1606271462.535000,0,1,0,1,17,0,17,30,52,0,
2020,11,25,12,31,2,637,1606271462.637000,0,1,0,1,17,0,17,30,52,0,
2020,11,25,12,31,2,740,1606271462.740000,0,1,0,1,17,0,17,30,52,0,
2020,11,25,12,31,2,842,1606271462.842000,0,1,0,1,17,0,17,30,52,0,
2020,11,25,12,31,2,945,1606271462.945000,0,1,0,1,17,0,17,30,52,0,
2020,11,25,12,31,3,47,1606271463.047000,0,1,0,1,17,0,17,30,52,0,
2020,11,25,12,31,3,150,1606271463.150000,0,1,0,1,17,0,17,30,52,0,
2020,11,25,12,31,3,254,1606271463.254000,0,1,0,1,17,0,17,30,52,0,
2020,11,25,12,31,3,356,1606271463.356000,0,1,0,1,17,0,17,30,52,0,
2020,11,25,12,31,3,458,1606271463.458000,0,1,0,1,17,0,17,30,52,0,
2020,11,25,12,31,3,560,1606271463.560000,0,1,0,1,17,0,17,30,52,0,
2020,11,25,12,31,3,662,1606271463.662000,0,1,0,1,17,0,17,30,52,0,
2020,11,25,12,31,3,764,1606271463.764000,0,1,0,1,17,0,17,30,52,0,
2020,11,25,12,31,3,865,1606271463.865000,0,1,0,1,17,0,17,30,52,0,
2020,11,25,12,31,3,967,1606271463.967000,0,1,0,1,17,0,17,30,52,0,
2020,11,25,12,31,4,68,1606271464.068000,0,1,0,1,17,0,17,30,52,0,
2020,11,25,12,31,4,171,1606271464.171000,0,1,0,1,17,0,17,30,52,0,
2020,11,25,12,31,4,273,1606271464.273000,0,1,0,1,17,0,17,30,52,0,
2020,11,25,12,31,4,376,1606271464.376000,0,1,0,1,17,0,17,30,52,0,
2020,11,25,12,31,4,478,1606271464.478000,0,1,0,1,17,0,17,30,52,0,
2020,11,25,12,31,4,581,1606271464.581000,0,1,0,1,17,0,17,30,52,0,
2020,11,25,12,31,4,682,1606271464.682000,0,1,0,1,17,0,17,30,52,0,
2020,11,25,12,31,4,784,1606271464.784000,0,1,0,1,17,0,17,30,52,0,
2020,11,25,12,31,4,886,1606271464.886000,0,1,0,1,17,0,17,30,52,0,
2020,11,25,12,31,4,988,1606271464.988000,0,1,0,1,17,0,17,30,52,0,
2020,11,25,12,31,5,90,1606271465.090000,0,1,0,1,17,0,17,30,52,0,
2020,11,25,12,31,5,193,1606271465.193000,0,1,0,1,17,0,17,30,52,0,
2020,11,25,12,31,5,296,1606271465.296000,0,1,0,1,17,0,17,30,52,0,
2020,11,25,12,31,5,398,1606271465.398000,0,1,0,1,17,0,17,30,52,0,
2020,11,25,12,31,5,500,1606271465.500000,0,1,0,1,17,0,17,30,52,0,
2020,11,25,12,31,5,607,1606271465.607000,0,1,0,1,17,0,17,30,52,0,
2020,11,25,12,31,5,709,1606271465.709000,0,1,0,1,17,0,17,30,52,0,
2020,11,25,12,31,5,811,1606271465.811000,0,1,0,1,17,0,17,30,52,0,
2020,11,25,12,31,5,914,1606271465.914000,0,1,0,1,17,0,17,30,52,0,
2020,11,25,12,31,6,16,1606271466.016000,0,1,0,1,17,0,17,30,52,0,
2020,11,25,12,31,6,118,1606271466.118000,0,1,0,1,17,0,17,30,52,0,
2020,11,25,12,31,6,220,1606271466.220000,0,1,0,1,17,0,17,30,52,0,
2020,11,25,12,31,6,321,1606271466.321000,0,1,0,1,17,0,17,30,52,0,
2020,11,25,12,31,6,424,1606271466.424000,0,1,0,1,17,0,17,30,52,0,
2020,11,25,12,31,6,526,1606271466.526000,0,1,0,1,17,0,17,30,52,0,
2020,11,25,12,31,6,628,1606271466.628000,0,1,0,1,17,0,17,30,52,0,
2020,11,25,12,31,6,734,1606271466.734000,0,1,0,1,17,0,17,30,52,0,
2020,11,25,12,31,6,837,1606271466.837000,0,1,0,1,17,0,17,30,52,0,
2020,11,25,12,31,6,939,1606271466.939000,0,1,0,1,17,0,17,30,52,0,
2020,11,25,12,31,7,41,1606271467.041000,0,1,0,1,17,0,17,30,52,0,
2020,11,25,12,31,7,145,1606271467.145000,0,1,0,1,17,0,17,30,52,0,
2020,11,25,12,31,7,248,1606271467.248000,0,1,0,1,17,0,17,30,52,0,
2020,11,25,12,31,7,351,1606271467.351000,0,1,0,1,17,0,17,30,52,0,
2020,11,25,12,31,7,455,1606271467.455000,0,1,0,1,17,0,17,30,52,0,
2020,11,25,12,31,7,557,1606271467.557000,0,1,0,1,17,0,17,30,52,0,
2020,11,25,12,31,7,660,1606271467.660000,0,1,0,1,17,0,17,30,52,0,
2020,11,25,12,31,7,762,1606271467.762000,0,1,0,1,17,0,17,30,52,0,
2020,11,25,12,31,7,864,1606271467.864000,0,1,0,1,17,0,17,30,52,0,
2020,11,25,12,31,7,966,1606271467.966000,0,1,0,1,17,0,17,30,52,0,
2020,11,25,12,31,8,68,1606271468.068000,0,1,0,1,17,0,17,30,52,0,
2020,11,25,12,31,8,170,1606271468.170000,0,1,0,1,17,0,17,30,52,0,
2020,11,25,12,31,8,272,1606271468.272000,0,1,0,1,15,0,15,26,45,0,
2020,11,25,12,31,8,373,1606271468.373000,0,1,0,1,15,0,15,25,44,0,
2020,11,25,12,31,8,475,1606271468.475000,0,1,0,1,11,0,11,19,33,0,
2020,11,25,12,31,8,578,1606271468.578000,0,1,0,1,9,0,9,15,26,0,
2020,11,25,12,31,8,680,1606271468.680000,0,1,0,1,6,0,6,10,18,0,
2020,11,25,12,31,8,781,1606271468.781000,0,1,0,1,2,0,2,3,6,0,
2020,11,25,12,31,8,884,1606271468.884000,0,1,0,1,0,0,0,0,0,0,
2020,11,25,12,31,8,986,1606271468.986000,0,1,0,1,0,0,0,0,0,0,
2020,11,25,12,31,9,88,1606271469.088000,0,1,0,1,0,0,0,0,0,0,
2020,11,25,12,31,9,190,1606271469.190000,0,1,0,1,0,0,0,0,0,0,
2020,11,25,12,31,9,292,1606271469.292000,0,1,0,1,0,0,0,0,0,0,
2020,11,25,12,31,9,396,1606271469.396000,0,1,0,1,0,0,0,0,0,0,
2020,11,25,12,31,9,498,1606271469.498000,0,1,0,1,0,0,0,0,0,0,
2020,11,25,12,31,9,600,1606271469.600000,0,1,0,1,0,0,0,0,0,0,
2020,11,25,12,31,9,705,1606271469.705000,0,1,0,1,0,0,0,0,0,0,
2020,11,25,12,31,9,808,1606271469.808000,0,1,0,1,0,0,0,0,0,0,
2020,11,25,12,31,9,910,1606271469.910000,0,1,0,1,0,0,0,0,0,0,
2020,11,25,12,31,10,12,1606271470.012000,0,1,0,1,0,0,0,0,0,0,
2020,11,25,12,31,10,114,1606271470.114000,0,1,0,1,0,0,0,0,0,0,
2020,11,25,12,31,10,216,1606271470.216000,0,1,0,1,0,0,0,0,0,0,
2020,11,25,12,31,10,319,1606271470.319000,0,1,0,1,0,0,0,0,0,0,
2020,11,25,12,31,10,421,1606271470.421000,0,1,0,1,0,0,0,0,0,0,
2020,11,25,12,31,10,523,1606271470.523000,0,1,0,1,0,0,0,0,0,0,
2020,11,25,12,31,10,625,1606271470.625000,0,1,0,1,0,0,0,0,0,0,
2020,11,25,12,31,10,727,1606271470.727000,0,1,0,1,0,0,0,0,0,0,
2020,11,25,12,31,10,830,1606271470.830000,0,1,0,1,0,0,0,0,0,0,
2020,11,25,12,31,10,932,1606271470.932000,0,1,0,1,0,0,0,0,0,0,
2020,11,25,12,31,11,34,1606271471.034000,0,1,0,1,0,0,0,0,0,0,
2020,11,25,12,31,11,136,1606271471.136000,0,1,0,1,0,0,0,0,0,0,
2020,11,25,12,31,11,240,1606271471.240000,0,1,0,1,0,0,0,0,0,0,
2020,11,25,12,31,11,343,1606271471.343000,0,1,0,1,0,0,0,0,0,0,
2020,11,25,12,31,11,445,1606271471.445000,0,1,0,1,0,0,0,0,0,0,
2020,11,25,12,31,11,547,1606271471.547000,0,1,0,1,0,0,0,0,0,0,
2020,11,25,12,31,11,649,1606271471.649000,0,1,0,1,0,0,0,0,0,0,
2020,11,25,12,31,11,754,1606271471.754000,0,1,0,1,0,0,0,0,0,0,
2020,11,25,12,31,11,855,1606271471.855000,0,1,0,1,0,0,0,0,0,0,
2020,11,25,12,31,11,958,1606271471.958000,0,1,0,1,0,0,0,0,0,0,
2020,11,25,12,31,12,61,1606271472.061000,0,1,0,1,0,0,0,0,0,0,
2020,11,25,12,31,12,163,1606271472.163000,0,1,0,1,0,0,0,0,0,0,
2020,11,25,12,31,12,264,1606271472.264000,0,1,0,1,0,0,0,0,0,0,
2020,11,25,12,31,12,366,1606271472.366000,0,1,0,1,0,0,0,0,0,0,
2020,11,25,12,31,12,468,1606271472.468000,0,1,0,1,0,0,0,0,0,0,
2020,11,25,12,31,12,571,1606271472.571000,0,1,0,1,5,0,5,9,16,0,
2020,11,25,12,31,12,674,1606271472.674000,0,1,0,1,16,0,16,27,47,0,
2020,11,25,12,31,12,776,1606271472.776000,0,1,0,1,17,0,17,30,52,0,
2020,11,25,12,31,12,878,1606271472.878000,0,1,0,1,18,0,18,30,52,0,
2020,11,25,12,31,12,980,1606271472.980000,0,1,0,1,18,0,18,30,52,0,
2020,11,25,12,31,13,82,1606271473.082000,0,1,0,1,18,0,18,30,52,0,
2020,11,25,12,31,13,184,1606271473.184000,0,1,0,1,18,0,18,30,52,0,
2020,11,25,12,31,13,287,1606271473.287000,0,1,0,1,18,0,18,30,52,0,
2020,11,25,12,31,13,390,1606271473.390000,0,1,0,1,18,0,18,30,52,0,
2020,11,25,12,31,13,492,1606271473.492000,0,1,0,1,18,0,18,30,52,0,
2020,11,25,12,31,13,595,1606271473.595000,0,1,0,1,18,0,18,30,52,0,
2020,11,25,12,31,13,696,1606271473.696000,0,1,0,1,18,0,18,30,52,0,
2020,11,25,12,31,13,799,1606271473.799000,0,1,0,1,18,0,18,30,52,0,
2020,11,25,12,31,13,901,1606271473.901000,0,1,0,1,18,0,18,30,52,0,
2020,11,25,12,31,14,6,1606271474.006000,0,1,0,1,18,0,18,30,52,0,
2020,11,25,12,31,14,109,1606271474.109000,0,1,0,1,18,0,18,30,52,0,
2020,11,25,12,31,14,211,1606271474.211000,0,1,0,1,17,0,17,30,52,0,
2020,11,25,12,31,14,312,1606271474.312000,0,1,0,1,17,0,17,30,52,0,
2020,11,25,12,31,14,414,1606271474.414000,0,1,0,1,17,0,17,30,52,0,
2020,11,25,12,31,14,518,1606271474.518000,0,1,0,1,17,0,17,30,52,0,
2020,11,25,12,31,14,620,1606271474.620000,0,1,0,1,17,0,17,30,52,0,
2020,11,25,12,31,14,722,1606271474.722000,0,1,0,1,17,0,17,30,52,0,
2020,11,25,12,31,14,825,1606271474.825000,0,1,0,1,17,0,17,30,52,0,
2020,11,25,12,31,14,927,1606271474.927000,0,1,0,1,17,0,17,30,52,0,
2020,11,25,12,31,15,29,1606271475.029000,0,1,0,1,17,0,17,30,52,0,
2020,11,25,12,31,15,130,1606271475.130000,0,1,0,1,17,0,17,30,52,0,
2020,11,25,12,31,15,232,1606271475.232000,0,1,0,1,17,0,17,30,52,0,
2020,11,25,12,31,15,334,1606271475.334000,0,1,0,1,17,0,17,30,52,0,
2020,11,25,12,31,15,437,1606271475.437000,0,1,0,1,17,0,17,30,52,0,
2020,11,25,12,31,15,539,1606271475.539000,0,1,0,1,17,0,17,30,52,0,
2020,11,25,12,31,15,642,1606271475.642000,0,1,0,1,17,0,17,30,52,0,
2020,11,25,12,31,15,745,1606271475.745000,0,1,0,1,17,0,17,30,52,0,
2020,11,25,12,31,15,848,1606271475.848000,0,1,0,1,17,0,17,30,52,0,
2020,11,25,12,31,15,951,1606271475.951000,0,1,0,1,17,0,17,30,52,0,
2020,11,25,12,31,16,55,1606271476.055000,0,1,0,1,17,0,17,30,52,0,
2020,11,25,12,31,16,157,1606271476.157000,0,1,0,1,17,0,17,30,52,0,
2020,11,25,12,31,16,260,1606271476.260000,0,1,0,1,18,0,18,30,52,0,
2020,11,25,12,31,16,361,1606271476.361000,0,1,0,1,18,0,18,30,52,0,
2020,11,25,12,31,16,466,1606271476.466000,0,1,0,1,18,0,18,30,52,0,
2020,11,25,12,31,16,569,1606271476.569000,0,1,0,1,18,0,18,30,52,0,
2020,11,25,12,31,16,670,1606271476.670000,0,1,0,1,18,0,18,30,52,0,
2020,11,25,12,31,16,772,1606271476.772000,0,1,0,1,18,0,18,30,52,0,
2020,11,25,12,31,16,875,1606271476.875000,0,1,0,1,18,0,18,30,52,0,
2020,11,25,12,31,16,979,1606271476.979000,0,1,0,1,18,0,18,30,52,0,
2020,11,25,12,31,17,82,1606271477.082000,0,1,0,1,18,0,18,30,52,0,
2020,11,25,12,31,17,185,1606271477.185000,0,1,0,1,18,0,18,30,52,0,
2020,11,25,12,31,17,287,1606271477.287000,0,1,0,1,17,0,17,30,52,0,
2020,11,25,12,31,17,390,1606271477.390000,0,1,0,1,17,0,17,30,52,0,
2020,11,25,12,31,17,491,1606271477.491000,0,1,0,1,17,0,17,30,52,0,
2020,11,25,12,31,17,595,1606271477.595000,0,1,0,1,17,0,17,30,52,0,
2020,11,25,12,31,17,697,1606271477.697000,0,1,0,1,17,0,17,30,52,0,
2020,11,25,12,31,17,799,1606271477.799000,0,1,0,1,17,0,17,30,52,0,
2020,11,25,12,31,17,902,1606271477.902000,0,1,0,1,17,0,17,30,52,0,
2020,11,25,12,31,18,6,1606271478.006000,0,1,0,1,17,0,17,30,52,0,
2020,11,25,12,31,18,109,1606271478.109000,0,1,0,1,17,0,17,30,52,0,
2020,11,25,12,31,18,211,1606271478.211000,0,1,0,1,17,0,17,30,52,0,
2020,11,25,12,31,18,313,1606271478.313000,0,1,0,1,17,0,17,30,52,0,
2020,11,25,12,31,18,415,1606271478.415000,0,1,0,1,17,0,17,30,52,0,
2020,11,25,12,31,18,517,1606271478.517000,0,1,0,1,17,0,17,30,52,0,
2020,11,25,12,31,18,620,1606271478.620000,0,1,0,1,17,0,17,30,52,0,
2020,11,25,12,31,18,723,1606271478.723000,0,1,0,1,17,0,17,30,52,0,
2020,11,25,12,31,18,825,1606271478.825000,0,1,0,1,17,0,17,30,52,0,
2020,11,25,12,31,18,926,1606271478.926000,0,1,0,1,17,0,17,30,52,0,
2020,11,25,12,31,19,28,1606271479.028000,0,1,0,1,17,0,17,30,52,0,
2020,11,25,12,31,19,131,1606271479.131000,0,1,0,1,17,0,17,30,52,0,
2020,11,25,12,31,19,236,1606271479.236000,0,1,0,1,17,0,17,30,52,0,
2020,11,25,12,31,19,339,1606271479.339000,0,1,0,1,17,0,17,30,52,0,
2020,11,25,12,31,19,442,1606271479.442000,0,1,0,1,18,0,18,30,52,0,
2020,11,25,12,31,19,544,1606271479.544000,0,1,0,1,18,0,18,30,52,0,
2020,11,25,12,31,19,647,1606271479.647000,0,1,0,1,18,0,18,30,52,0,
2020,11,25,12,31,19,750,1606271479.750000,0,1,0,1,18,0,18,30,52,0,
2020,11,25,12,31,19,855,1606271479.855000,0,1,0,1,18,0,18,30,52,0,
2020,11,25,12,31,19,957,1606271479.957000,0,1,0,1,18,0,18,30,52,0,
2020,11,25,12,31,20,62,1606271480.062000,0,1,0,1,18,0,18,30,52,0,
2020,11,25,12,31,20,164,1606271480.164000,0,1,0,1,18,0,18,30,52,0,
2020,11,25,12,31,20,266,1606271480.266000,0,1,0,1,18,0,18,30,52,0,
2020,11,25,12,31,20,368,1606271480.368000,0,1,0,1,18,0,18,30,52,0,
2020,11,25,12,31,20,473,1606271480.473000,0,1,0,1,18,0,18,30,52,0,
2020,11,25,12,31,20,577,1606271480.577000,0,1,0,1,18,0,18,30,52,0,
2020,11,25,12,31,20,679,1606271480.679000,0,1,0,1,18,0,18,30,52,0,
2020,11,25,12,31,20,781,1606271480.781000,0,1,0,1,18,0,18,30,52,0,
2020,11,25,12,31,20,884,1606271480.884000,0,1,0,1,18,0,18,30,52,0,
2020,11,25,12,31,20,988,1606271480.988000,0,1,0,1,18,0,18,30,52,0,
2020,11,25,12,31,21,92,1606271481.092000,0,1,0,1,17,0,17,30,52,0,
2020,11,25,12,31,21,196,1606271481.196000,0,1,0,1,17,0,17,30,52,0,
2020,11,25,12,31,21,299,1606271481.299000,0,1,0,1,17,0,17,30,52,0,
2020,11,25,12,31,21,404,1606271481.404000,0,1,0,1,17,0,17,30,52,0,
2020,11,25,12,31,21,506,1606271481.506000,0,1,0,1,17,0,17,30,52,0,
2020,11,25,12,31,21,608,1606271481.608000,0,1,0,1,17,0,17,30,52,0,
2020,11,25,12,31,21,711,1606271481.711000,0,1,0,1,17,0,17,30,52,0,
2020,11,25,12,31,21,812,1606271481.812000,0,1,0,1,17,0,17,30,52,0,
2020,11,25,12,31,21,915,1606271481.915000,0,1,0,1,17,0,17,30,52,0,
2020,11,25,12,31,22,18,1606271482.018000,0,1,0,1,17,0,17,30,52,0,
2020,11,25,12,31,22,122,1606271482.122000,0,1,0,1,17,0,17,30,52,0,
2020,11,25,12,31,22,224,1606271482.224000,0,1,0,1,17,0,17,30,52,0,
2020,11,25,12,31,22,330,1606271482.330000,0,1,0,1,17,0,17,30,52,0,
2020,11,25,12,31,22,432,1606271482.432000,0,1,0,1,17,0,17,30,52,0,
2020,11,25,12,31,22,534,1606271482.534000,0,1,0,1,17,0,17,30,52,0,
2020,11,25,12,31,22,636,1606271482.636000,0,1,0,1,17,0,17,30,52,0,
2020,11,25,12,31,22,739,1606271482.739000,0,1,0,1,17,0,17,30,52,0,
2020,11,25,12,31,22,840,1606271482.840000,0,1,0,1,17,0,17,30,52,0,
2020,11,25,12,31,22,943,1606271482.943000,0,1,0,1,17,0,17,30,52,0,
2020,11,25,12,31,23,46,1606271483.046000,0,1,0,1,17,0,17,30,52,0,
2020,11,25,12,31,23,149,1606271483.149000,0,1,0,1,17,0,17,30,52,0,
2020,11,25,12,31,23,251,1606271483.251000,0,1,0,1,17,0,17,30,52,0,
2020,11,25,12,31,23,356,1606271483.356000,0,1,0,1,17,0,17,30,52,0,
2020,11,25,12,31,23,459,1606271483.459000,0,1,0,1,17,0,17,30,52,0,
2020,11,25,12,31,23,561,1606271483.561000,0,1,0,1,17,0,17,30,52,0,
2020,11,25,12,31,23,664,1606271483.664000,0,1,0,1,17,0,17,30,52,0,
2020,11,25,12,31,23,766,1606271483.766000,0,1,0,1,17,0,17,30,52,0,
2020,11,25,12,31,23,868,1606271483.868000,0,1,0,1,17,0,17,30,52,0,
2020,11,25,12,31,23,970,1606271483.970000,0,1,0,1,17,0,17,30,52,0,
2020,11,25,12,31,24,73,1606271484.073000,0,1,0,1,17,0,17,30,52,0,
2020,11,25,12,31,24,175,1606271484.175000,0,1,0,1,17,0,17,30,52,0,
2020,11,25,12,31,24,277,1606271484.277000,0,1,0,1,17,0,17,30,52,0,
2020,11,25,12,31,24,379,1606271484.379000,0,1,0,1,17,0,17,30,52,0,
2020,11,25,12,31,24,481,1606271484.481000,0,1,0,1,17,0,17,30,52,0,
2020,11,25,12,31,24,585,1606271484.585000,0,1,0,1,17,0,17,30,52,0,
2020,11,25,12,31,24,688,1606271484.688000,0,1,0,1,17,0,17,30,52,0,
2020,11,25,12,31,24,791,1606271484.791000,0,1,0,1,18,0,18,30,52,0,
2020,11,25,12,31,24,893,1606271484.893000,0,1,0,1,18,0,18,30,52,0,
2020,11,25,12,31,24,996,1606271484.996000,0,1,0,1,18,0,18,30,52,0,
2020,11,25,12,31,25,100,1606271485.100000,0,1,0,1,18,0,18,30,52,0,
2020,11,25,12,31,25,207,1606271485.207000,0,1,0,1,18,0,18,30,52,0,
2020,11,25,12,31,25,310,1606271485.310000,0,1,0,1,18,0,18,30,52,0,
2020,11,25,12,31,25,412,1606271485.412000,0,1,0,1,18,0,18,30,52,0,
2020,11,25,12,31,25,514,1606271485.514000,0,1,0,1,18,0,18,30,52,0,
2020,11,25,12,31,25,616,1606271485.616000,0,1,0,1,18,0,18,30,52,0,
2020,11,25,12,31,25,720,1606271485.720000,0,1,0,1,18,0,18,30,52,0,
2020,11,25,12,31,25,822,1606271485.822000,0,1,0,1,18,0,18,30,52,0,
2020,11,25,12,31,25,924,1606271485.924000,0,1,0,1,18,0,18,30,52,0,
2020,11,25,12,31,26,27,1606271486.027000,0,1,0,1,18,0,18,30,52,0,
2020,11,25,12,31,26,128,1606271486.128000,0,1,0,1,18,0,18,30,52,0,
2020,11,25,12,31,26,231,1606271486.231000,0,1,0,1,18,0,18,30,52,0,
2020,11,25,12,31,26,333,1606271486.333000,0,1,0,1,18,0,18,30,52,0,
2020,11,25,12,31,26,435,1606271486.435000,0,1,0,1,18,0,18,30,52,0,
2020,11,25,12,31,26,537,1606271486.537000,0,1,0,1,18,0,18,30,52,0,
2020,11,25,12,31,26,640,1606271486.640000,0,1,0,1,18,0,18,30,52,0,
2020,11,25,12,31,26,742,1606271486.742000,0,1,0,1,18,0,18,30,52,0,
2020,11,25,12,31,26,844,1606271486.844000,0,1,0,1,18,0,18,30,52,0,
2020,11,25,12,31,26,947,1606271486.947000,0,1,0,1,18,0,18,30,52,0,
2020,11,25,12,31,27,50,1606271487.050000,0,1,0,1,17,0,17,30,52,0,
2020,11,25,12,31,27,156,1606271487.156000,0,1,0,1,17,0,17,30,52,0,
2020,11,25,12,31,27,258,1606271487.258000,0,1,0,1,17,0,17,30,52,0,
2020,11,25,12,31,27,361,1606271487.361000,0,1,0,1,17,0,17,30,52,0,
2020,11,25,12,31,27,463,1606271487.463000,0,1,0,1,17,0,17,30,52,0,
2020,11,25,12,31,27,565,1606271487.565000,0,1,0,1,17,0,17,30,52,0,
2020,11,25,12,31,27,667,1606271487.667000,0,1,0,1,17,0,17,30,52,0,
2020,11,25,12,31,27,768,1606271487.768000,0,1,0,1,17,0,17,30,52,0,
2020,11,25,12,31,27,870,1606271487.870000,0,1,0,1,17,0,17,30,52,0,
2020,11,25,12,31,27,972,1606271487.972000,0,1,0,1,17,0,17,30,52,0,
2020,11,25,12,31,28,74,1606271488.074000,0,1,0,1,17,0,17,30,52,0,
2020,11,25,12,31,28,176,1606271488.176000,0,1,0,1,17,0,17,30,52,0,
2020,11,25,12,31,28,280,1606271488.280000,0,1,0,1,17,0,17,30,52,0,
2020,11,25,12,31,28,382,1606271488.382000,0,1,0,1,17,0,17,30,52,0,
2020,11,25,12,31,28,484,1606271488.484000,0,1,0,1,17,0,17,30,52,0,
2020,11,25,12,31,28,586,1606271488.586000,0,1,0,1,17,0,17,30,52,0,
2020,11,25,12,31,28,690,1606271488.690000,0,1,0,1,17,0,17,30,52,0,
2020,11,25,12,31,28,793,1606271488.793000,0,1,0,1,17,0,17,30,52,0,
2020,11,25,12,31,28,895,1606271488.895000,0,1,0,1,17,0,17,30,52,0,
2020,11,25,12,31,28,997,1606271488.997000,0,1,0,1,18,0,18,30,52,0,
2020,11,25,12,31,29,99,1606271489.099000,0,1,0,1,18,0,18,30,52,0,
2020,11,25,12,31,29,205,1606271489.205000,0,1,0,1,18,0,18,30,52,0,
2020,11,25,12,31,29,309,1606271489.309000,0,1,0,1,18,0,18,30,52,0,
2020,11,25,12,31,29,411,1606271489.411000,0,1,0,1,18,0,18,30,52,0,
2020,11,25,12,31,29,513,1606271489.513000,0,1,0,1,18,0,18,30,52,0,
2020,11,25,12,31,29,615,1606271489.615000,0,1,0,1,18,0,18,30,52,0,
2020,11,25,12,31,29,718,1606271489.718000,0,1,0,1,18,0,18,30,52,0,
2020,11,25,12,31,29,821,1606271489.821000,0,1,0,1,18,0,18,30,52,0,
2020,11,25,12,31,29,923,1606271489.923000,0,1,0,1,18,0,18,30,52,0,
2020,11,25,12,31,30,25,1606271490.025000,0,1,0,1,18,0,18,30,52,0,
2020,11,25,12,31,30,126,1606271490.126000,0,1,0,1,18,0,18,30,52,0,
2020,11,25,12,31,30,230,1606271490.230000,0,1,0,1,18,0,18,30,52,0,
2020,11,25,12,31,30,332,1606271490.332000,0,1,0,1,17,0,17,30,52,0,
2020,11,25,12,31,30,434,1606271490.434000,0,1,0,1,17,0,17,30,52,0,
2020,11,25,12,31,30,537,1606271490.537000,0,1,0,1,17,0,17,30,52,0,
2020,11,25,12,31,30,639,1606271490.639000,0,1,0,1,17,0,17,30,52,0,
2020,11,25,12,31,30,742,1606271490.742000,0,1,0,1,17,0,17,30,52,0,
2020,11,25,12,31,30,844,1606271490.844000,0,1,0,1,17,0,17,30,52,0,
2020,11,25,12,31,30,949,1606271490.949000,0,1,0,1,17,0,17,30,52,0,
2020,11,25,12,31,31,54,1606271491.054000,0,1,0,1,17,0,17,30,52,0,
2020,11,25,12,31,31,155,1606271491.155000,0,1,0,1,17,0,17,30,52,0,
2020,11,25,12,31,31,257,1606271491.257000,0,1,0,1,17,0,17,30,52,0,
2020,11,25,12,31,31,359,1606271491.359000,0,1,0,1,17,0,17,30,52,0,
2020,11,25,12,31,31,462,1606271491.462000,0,1,0,1,17,0,17,30,52,0,
2020,11,25,12,31,31,564,1606271491.564000,0,1,0,1,17,0,17,30,52,0,
2020,11,25,12,31,31,666,1606271491.666000,0,1,0,1,17,0,17,30,52,0,
2020,11,25,12,31,31,768,1606271491.768000,0,1,0,1,17,0,17,30,52,0,
2020,11,25,12,31,31,870,1606271491.870000,0,1,0,1,17,0,17,30,52,0,
2020,11,25,12,31,31,972,1606271491.972000,0,1,0,1,17,0,17,30,52,0,
2020,11,25,12,31,32,75,1606271492.075000,0,1,0,1,17,0,17,30,52,0,
2020,11,25,12,31,32,178,1606271492.178000,0,1,0,1,17,0,17,30,52,0,
2020,11,25,12,31,32,281,1606271492.281000,0,1,0,1,17,0,17,30,52,0,
2020,11,25,12,31,32,383,1606271492.383000,0,1,0,1,18,0,18,30,52,0,
2020,11,25,12,31,32,485,1606271492.485000,0,1,0,1,18,0,18,30,52,0,
2020,11,25,12,31,32,587,1606271492.587000,0,1,0,1,18,0,18,30,52,0,
2020,11,25,12,31,32,689,1606271492.689000,0,1,0,1,18,0,18,30,52,0,
2020,11,25,12,31,32,792,1606271492.792000,0,1,0,1,18,0,18,30,52,0,
2020,11,25,12,31,32,894,1606271492.894000,0,1,0,1,18,0,18,30,52,0,
2020,11,25,12,31,32,996,1606271492.996000,0,1,0,1,18,0,18,30,52,0,
2020,11,25,12,31,33,98,1606271493.098000,0,1,0,1,18,0,18,30,52,0,
2020,11,25,12,31,33,200,1606271493.200000,0,1,0,1,18,0,18,30,52,0,
2020,11,25,12,31,33,304,1606271493.304000,0,1,0,1,18,0,18,30,52,0,
2020,11,25,12,31,33,405,1606271493.405000,0,1,0,1,18,0,18,30,52,0,
2020,11,25,12,31,33,507,1606271493.507000,0,1,0,1,18,0,18,30,52,0,
2020,11,25,12,31,33,609,1606271493.609000,0,1,0,1,18,0,18,30,52,0,
2020,11,25,12,31,33,712,1606271493.712000,0,1,0,1,18,0,18,30,52,0,
2020,11,25,12,31,33,813,1606271493.813000,0,1,0,1,17,0,17,30,52,0,
2020,11,25,12,31,33,916,1606271493.916000,0,1,0,1,17,0,17,30,52,0,
2020,11,25,12,31,34,20,1606271494.020000,0,1,0,1,17,0,17,30,52,0,
2020,11,25,12,31,34,123,1606271494.123000,0,1,0,1,17,0,17,30,52,0,
2020,11,25,12,31,34,225,1606271494.225000,0,1,0,1,17,0,17,30,52,0,
2020,11,25,12,31,34,327,1606271494.327000,0,1,0,1,17,0,17,30,52,0,
2020,11,25,12,31,34,430,1606271494.430000,0,1,0,1,17,0,17,30,52,0,
2020,11,25,12,31,34,532,1606271494.532000,0,1,0,1,17,0,17,30,52,0,
2020,11,25,12,31,34,635,1606271494.635000,0,1,0,1,17,0,17,30,52,0,
2020,11,25,12,31,34,738,1606271494.738000,0,1,0,1,17,0,17,30,52,0,
2020,11,25,12,31,34,839,1606271494.839000,0,1,0,1,17,0,17,30,52,0,
2020,11,25,12,31,34,942,1606271494.942000,0,1,0,1,17,0,17,30,52,0,
2020,11,25,12,31,35,48,1606271495.048000,0,1,0,1,17,0,17,30,52,0,
2020,11,25,12,31,35,151,1606271495.151000,0,1,0,1,17,0,17,30,52,0,
2020,11,25,12,31,35,255,1606271495.255000,0,1,0,1,17,0,17,30,52,0,
2020,11,25,12,31,35,357,1606271495.357000,0,1,0,1,17,0,17,30,52,0,
2020,11,25,12,31,35,459,1606271495.459000,0,1,0,1,17,0,17,30,52,0,
2020,11,25,12,31,35,561,1606271495.561000,0,1,0,1,17,0,17,30,52,0,
2020,11,25,12,31,35,663,1606271495.663000,0,1,0,1,17,0,17,30,52,0,
2020,11,25,12,31,35,765,1606271495.765000,0,1,0,1,17,0,17,30,52,0,
2020,11,25,12,31,35,867,1606271495.867000,0,1,0,1,17,0,17,30,52,0,
2020,11,25,12,31,35,969,1606271495.969000,0,1,0,1,17,0,17,30,52,0,
2020,11,25,12,31,36,72,1606271496.072000,0,1,0,1,18,0,18,30,52,0,
2020,11,25,12,31,36,174,1606271496.174000,0,1,0,1,18,0,18,30,52,0,
2020,11,25,12,31,36,276,1606271496.276000,0,1,0,1,18,0,18,30,52,0,
2020,11,25,12,31,36,379,1606271496.379000,0,1,0,1,18,0,18,30,52,0,
2020,11,25,12,31,36,480,1606271496.480000,0,1,0,1,18,0,18,30,52,0,
2020,11,25,12,31,36,583,1606271496.583000,0,1,0,1,18,0,18,30,52,0,
2020,11,25,12,31,36,685,1606271496.685000,0,1,0,1,18,0,18,30,52,0,
2020,11,25,12,31,36,787,1606271496.787000,0,1,0,1,18,0,18,30,52,0,
2020,11,25,12,31,36,889,1606271496.889000,0,1,0,1,18,0,18,30,52,0,
2020,11,25,12,31,36,991,1606271496.991000,0,1,0,1,18,0,18,30,52,0,
2020,11,25,12,31,37,93,1606271497.093000,0,1,0,1,18,0,18,30,52,0,
2020,11,25,12,31,37,196,1606271497.196000,0,1,0,1,18,0,18,30,52,0,
2020,11,25,12,31,37,298,1606271497.298000,0,1,0,1,17,0,17,30,52,0,
2020,11,25,12,31,37,400,1606271497.400000,0,1,0,1,17,0,17,30,52,0,
2020,11,25,12,31,37,506,1606271497.506000,0,1,0,1,17,0,17,30,52,0,
2020,11,25,12,31,37,608,1606271497.608000,0,1,0,1,17,0,17,30,52,0,
2020,11,25,12,31,37,711,1606271497.711000,0,1,0,1,17,0,17,30,52,0,
2020,11,25,12,31,37,812,1606271497.812000,0,1,0,1,17,0,17,30,52,0,
2020,11,25,12,31,37,915,1606271497.915000,0,1,0,1,17,0,17,30,52,0,
2020,11,25,12,31,38,18,1606271498.018000,0,1,0,1,17,0,17,30,52,0,
2020,11,25,12,31,38,120,1606271498.120000,0,1,0,1,17,0,17,30,52,0,
2020,11,25,12,31,38,222,1606271498.222000,0,1,0,1,17,0,17,30,52,0,
2020,11,25,12,31,38,328,1606271498.328000,0,1,0,1,17,0,17,30,52,0,
2020,11,25,12,31,38,430,1606271498.430000,0,1,0,1,17,0,17,30,52,0,
2020,11,25,12,31,38,533,1606271498.533000,0,1,0,1,17,0,17,30,52,0,
2020,11,25,12,31,38,635,1606271498.635000,0,1,0,1,17,0,17,30,52,0,
2020,11,25,12,31,38,737,1606271498.737000,0,1,0,1,17,0,17,30,52,0,
2020,11,25,12,31,38,838,1606271498.838000,0,1,0,1,17,0,17,30,52,0,
2020,11,25,12,31,38,940,1606271498.940000,0,1,0,1,17,0,17,30,52,0,
2020,11,25,12,31,39,43,1606271499.043000,0,1,0,1,18,0,18,30,52,0,
2020,11,25,12,31,39,145,1606271499.145000,0,1,0,1,18,0,18,30,52,0,
2020,11,25,12,31,39,247,1606271499.247000,0,1,0,1,18,0,18,30,52,0,
2020,11,25,12,31,39,353,1606271499.353000,0,1,0,1,18,0,18,30,52,0,
2020,11,25,12,31,39,456,1606271499.456000,0,1,0,1,18,0,18,30,52,0,
2020,11,25,12,31,39,560,1606271499.560000,0,1,0,1,18,0,18,30,52,0,
2020,11,25,12,31,39,663,1606271499.663000,0,1,0,1,18,0,18,30,52,0,
2020,11,25,12,31,39,765,1606271499.765000,0,1,0,1,18,0,18,30,52,0,
2020,11,25,12,31,39,868,1606271499.868000,0,1,0,1,18,0,18,30,52,0,
2020,11,25,12,31,39,970,1606271499.970000,0,1,0,1,18,0,18,30,52,0,
2020,11,25,12,31,40,73,1606271500.073000,0,1,0,1,18,0,18,30,52,0,
2020,11,25,12,31,40,176,1606271500.176000,0,1,0,1,18,0,18,30,52,0,
2020,11,25,12,31,40,278,1606271500.278000,0,1,0,1,18,0,18,30,52,0,
2020,11,25,12,31,40,380,1606271500.380000,0,1,0,1,18,0,18,30,52,0,
2020,11,25,12,31,40,482,1606271500.482000,0,1,0,1,17,0,17,30,52,0,
2020,11,25,12,31,40,586,1606271500.586000,0,1,0,1,17,0,17,30,52,0,
2020,11,25,12,31,40,689,1606271500.689000,0,1,0,1,17,0,17,30,52,0,
2020,11,25,12,31,40,792,1606271500.792000,0,1,0,1,17,0,17,30,52,0,
2020,11,25,12,31,40,894,1606271500.894000,0,1,0,1,17,0,17,30,52,0,
2020,11,25,12,31,40,997,1606271500.997000,0,1,0,1,17,0,17,30,52,0,
2020,11,25,12,31,41,98,1606271501.098000,0,1,0,1,17,0,17,30,52,0,
2020,11,25,12,31,41,207,1606271501.207000,0,1,0,1,17,0,17,30,52,0,
2020,11,25,12,31,41,309,1606271501.309000,0,1,0,1,17,0,17,30,52,0,
2020,11,25,12,31,41,411,1606271501.411000,0,1,0,1,17,0,17,30,52,0,
2020,11,25,12,31,41,513,1606271501.513000,0,1,0,1,17,0,17,30,52,0,
2020,11,25,12,31,41,615,1606271501.615000,0,1,0,1,17,0,17,30,52,0,
2020,11,25,12,31,41,718,1606271501.718000,0,1,0,1,17,0,17,30,52,0,
2020,11,25,12,31,41,819,1606271501.819000,0,1,0,1,17,0,17,30,52,0,
2020,11,25,12,31,41,921,1606271501.921000,0,1,0,1,17,0,17,30,52,0,
2020,11,25,12,31,42,23,1606271502.023000,0,1,0,1,17,0,17,30,52,0,
2020,11,25,12,31,42,125,1606271502.125000,0,1,0,1,17,0,17,30,52,0,
2020,11,25,12,31,42,228,1606271502.228000,0,1,0,1,17,0,17,30,52,0,
2020,11,25,12,31,42,329,1606271502.329000,0,1,0,1,18,0,18,30,52,0,
2020,11,25,12,31,42,431,1606271502.431000,0,1,0,1,18,0,18,30,52,0,
2020,11,25,12,31,42,533,1606271502.533000,0,1,0,1,18,0,18,30,52,0,
2020,11,25,12,31,42,636,1606271502.636000,0,1,0,1,18,0,18,30,52,0,
2020,11,25,12,31,42,739,1606271502.739000,0,1,0,1,18,0,18,30,52,0,
2020,11,25,12,31,42,842,1606271502.842000,0,1,0,1,18,0,18,30,52,0,
2020,11,25,12,31,42,944,1606271502.944000,0,1,0,1,18,0,18,30,52,0,
2020,11,25,12,31,43,46,1606271503.046000,0,1,0,1,18,0,18,30,52,0,
2020,11,25,12,31,43,148,1606271503.148000,0,1,0,1,18,0,18,30,52,0,
2020,11,25,12,31,43,250,1606271503.250000,0,1,0,1,18,0,18,30,52,0,
2020,11,25,12,31,43,353,1606271503.353000,0,1,0,1,18,0,18,30,52,0,
2020,11,25,12,31,43,456,1606271503.456000,0,1,0,1,17,0,17,30,52,0,
2020,11,25,12,31,43,558,1606271503.558000,0,1,0,1,17,0,17,30,52,0,
2020,11,25,12,31,43,661,1606271503.661000,0,1,0,1,17,0,17,30,52,0,
2020,11,25,12,31,43,763,1606271503.763000,0,1,0,1,17,0,17,30,52,0,
2020,11,25,12,31,43,865,1606271503.865000,0,1,0,1,17,0,17,30,52,0,
2020,11,25,12,31,43,967,1606271503.967000,0,1,0,1,17,0,17,30,52,0,
2020,11,25,12,31,44,70,1606271504.070000,0,1,0,1,17,0,17,30,52,0,
2020,11,25,12,31,44,173,1606271504.173000,0,1,0,1,17,0,17,30,52,0,
2020,11,25,12,31,44,274,1606271504.274000,0,1,0,1,17,0,17,30,52,0,
2020,11,25,12,31,44,377,1606271504.377000,0,1,0,1,17,0,17,30,52,0,
2020,11,25,12,31,44,479,1606271504.479000,0,1,0,1,17,0,17,30,52,0,
2020,11,25,12,31,44,581,1606271504.581000,0,1,0,1,17,0,17,30,52,0,
2020,11,25,12,31,44,683,1606271504.683000,0,1,0,1,17,0,17,30,52,0,
2020,11,25,12,31,44,786,1606271504.786000,0,1,0,1,17,0,17,30,52,0,
2020,11,25,12,31,44,888,1606271504.888000,0,1,0,1,17,0,17,30,52,0,
2020,11,25,12,31,44,990,1606271504.990000,0,1,0,1,17,0,17,30,52,0,
2020,11,25,12,31,45,93,1606271505.093000,0,1,0,1,17,0,17,30,52,0,
2020,11,25,12,31,45,196,1606271505.196000,0,1,0,1,17,0,17,30,52,0,
2020,11,25,12,31,45,298,1606271505.298000,0,1,0,1,17,0,17,30,52,0,
2020,11,25,12,31,45,400,1606271505.400000,0,1,0,1,18,0,18,30,52,0,
2020,11,25,12,31,45,504,1606271505.504000,0,1,0,1,18,0,18,30,52,0,
2020,11,25,12,31,45,607,1606271505.607000,0,1,0,1,18,0,18,30,52,0,
2020,11,25,12,31,45,709,1606271505.709000,0,1,0,1,18,0,18,30,52,0,
2020,11,25,12,31,45,811,1606271505.811000,0,1,0,1,18,0,18,30,52,0,
2020,11,25,12,31,45,913,1606271505.913000,0,1,0,1,18,0,18,30,52,0,
2020,11,25,12,31,46,16,1606271506.016000,0,1,0,1,18,0,18,30,52,0,
2020,11,25,12,31,46,118,1606271506.118000,0,1,0,1,18,0,18,30,52,0,
2020,11,25,12,31,46,223,1606271506.223000,0,1,0,1,18,0,18,30,52,0,
2020,11,25,12,31,46,325,1606271506.325000,0,1,0,1,18,0,18,30,52,0,
2020,11,25,12,31,46,428,1606271506.428000,0,1,0,1,18,0,18,30,52,0,
2020,11,25,12,31,46,531,1606271506.531000,0,1,0,1,18,0,18,30,52,0,
2020,11,25,12,31,46,633,1606271506.633000,0,1,0,1,18,0,18,30,52,0,
2020,11,25,12,31,46,735,1606271506.735000,0,1,0,1,18,0,18,30,52,0,
2020,11,25,12,31,46,837,1606271506.837000,0,1,0,1,18,0,18,30,52,0,
2020,11,25,12,31,46,938,1606271506.938000,0,1,0,1,18,0,18,30,52,0,
2020,11,25,12,31,47,40,1606271507.040000,0,1,0,1,17,0,17,30,52,0,
2020,11,25,12,31,47,142,1606271507.142000,0,1,0,1,17,0,17,30,52,0,
2020,11,25,12,31,47,244,1606271507.244000,0,1,0,1,17,0,17,30,52,0,
2020,11,25,12,31,47,346,1606271507.346000,0,1,0,1,17,0,17,30,52,0,
2020,11,25,12,31,47,448,1606271507.448000,0,1,0,1,17,0,17,30,52,0,
2020,11,25,12,31,47,550,1606271507.550000,0,1,0,1,17,0,17,30,52,0,
2020,11,25,12,31,47,653,1606271507.653000,0,1,0,1,17,0,17,30,52,0,
2020,11,25,12,31,47,755,1606271507.755000,0,1,0,1,17,0,17,30,52,0,
2020,11,25,12,31,47,857,1606271507.857000,0,1,0,1,17,0,17,30,52,0,
2020,11,25,12,31,47,958,1606271507.958000,0,1,0,1,17,0,17,30,52,0,
2020,11,25,12,31,48,62,1606271508.062000,0,1,0,1,17,0,17,30,52,0,
2020,11,25,12,31,48,164,1606271508.164000,0,1,0,1,17,0,17,30,52,0,
2020,11,25,12,31,48,266,1606271508.266000,0,1,0,1,17,0,17,30,52,0,
2020,11,25,12,31,48,368,1606271508.368000,0,1,0,1,17,0,17,30,52,0,
2020,11,25,12,31,48,470,1606271508.470000,0,1,0,1,17,0,17,30,52,0,
2020,11,25,12,31,48,572,1606271508.572000,0,1,0,1,17,0,17,30,52,0,
2020,11,25,12,31,48,674,1606271508.674000,0,1,0,1,17,0,17,30,52,0,
2020,11,25,12,31,48,776,1606271508.776000,0,1,0,1,17,0,17,30,52,0,
2020,11,25,12,31,48,878,1606271508.878000,0,1,0,1,18,0,18,30,52,0,
2020,11,25,12,31,48,980,1606271508.980000,0,1,0,1,18,0,18,30,52,0,
2020,11,25,12,31,49,82,1606271509.082000,0,1,0,1,18,0,18,30,52,0,
2020,11,25,12,31,49,184,1606271509.184000,0,1,0,1,18,0,18,30,52,0,
2020,11,25,12,31,49,286,1606271509.286000,0,1,0,1,18,0,18,30,52,0,
2020,11,25,12,31,49,388,1606271509.388000,0,1,0,1,18,0,18,30,52,0,
2020,11,25,12,31,49,490,1606271509.490000,0,1,0,1,18,0,18,30,52,0,
2020,11,25,12,31,49,592,1606271509.592000,0,1,0,1,18,0,18,30,52,0,
2020,11,25,12,31,49,694,1606271509.694000,0,1,0,1,18,0,18,30,52,0,
2020,11,25,12,31,49,797,1606271509.797000,0,1,0,1,18,0,18,30,52,0,
2020,11,25,12,31,49,899,1606271509.899000,0,1,0,1,18,0,18,30,52,0,
2020,11,25,12,31,50,2,1606271510.002000,0,1,0,1,17,0,17,30,52,0,
2020,11,25,12,31,50,103,1606271510.103000,0,1,0,1,17,0,17,30,52,0,
2020,11,25,12,31,50,205,1606271510.205000,0,1,0,1,17,0,17,30,52,0,
2020,11,25,12,31,50,307,1606271510.307000,0,1,0,1,17,0,17,30,52,0,
2020,11,25,12,31,50,410,1606271510.410000,0,1,0,1,17,0,17,30,52,0,
2020,11,25,12,31,50,512,1606271510.512000,0,1,0,1,17,0,17,30,52,0,
2020,11,25,12,31,50,614,1606271510.614000,0,1,0,1,17,0,17,30,52,0,
2020,11,25,12,31,50,718,1606271510.718000,0,1,0,1,17,0,17,30,52,0,
2020,11,25,12,31,50,819,1606271510.819000,0,1,0,1,17,0,17,30,52,0,
2020,11,25,12,31,50,921,1606271510.921000,0,1,0,1,17,0,17,30,52,0,
2020,11,25,12,31,51,23,1606271511.023000,0,1,0,1,17,0,17,30,52,0,
2020,11,25,12,31,51,127,1606271511.127000,0,1,0,1,17,0,17,30,52,0,
2020,11,25,12,31,51,229,1606271511.229000,0,1,0,1,17,0,17,30,52,0,
2020,11,25,12,31,51,332,1606271511.332000,0,1,0,1,17,0,17,30,52,0,
2020,11,25,12,31,51,434,1606271511.434000,0,1,0,1,17,0,17,30,52,0,
2020,11,25,12,31,51,537,1606271511.537000,0,1,0,1,17,0,17,30,52,0,
2020,11,25,12,31,51,639,1606271511.639000,0,1,0,1,17,0,17,30,52,0,
2020,11,25,12,31,51,741,1606271511.741000,0,1,0,1,17,0,17,30,52,0,
2020,11,25,12,31,51,844,1606271511.844000,0,1,0,1,17,0,17,30,52,0,
2020,11,25,12,31,51,947,1606271511.947000,0,1,0,1,17,0,17,30,52,0,
2020,11,25,12,31,52,49,1606271512.049000,0,1,0,1,17,0,17,30,52,0,
2020,11,25,12,31,52,151,1606271512.151000,0,1,0,1,17,0,17,30,52,0,
2020,11,25,12,31,52,257,1606271512.257000,0,1,0,1,17,0,17,30,52,0,
2020,11,25,12,31,52,360,1606271512.360000,0,1,0,1,17,0,17,30,52,0,
2020,11,25,12,31,52,461,1606271512.461000,0,1,0,1,17,0,17,30,52,0,
2020,11,25,12,31,52,564,1606271512.564000,0,1,0,1,17,0,17,30,52,0,
2020,11,25,12,31,52,665,1606271512.665000,0,1,0,1,17,0,17,30,52,0,
2020,11,25,12,31,52,767,1606271512.767000,0,1,0,1,17,0,17,30,52,0,
2020,11,25,12,31,52,869,1606271512.869000,0,1,0,1,18,0,18,30,52,0,
2020,11,25,12,31,52,971,1606271512.971000,0,1,0,1,18,0,18,30,52,0,
2020,11,25,12,31,53,73,1606271513.073000,0,1,0,1,18,0,18,30,52,0,
2020,11,25,12,31,53,175,1606271513.175000,0,1,0,1,18,0,18,30,52,0,
2020,11,25,12,31,53,277,1606271513.277000,0,1,0,1,18,0,18,30,52,0,
2020,11,25,12,31,53,382,1606271513.382000,0,1,0,1,18,0,18,30,52,0,
2020,11,25,12,31,53,484,1606271513.484000,0,1,0,1,18,0,18,30,52,0,
2020,11,25,12,31,53,586,1606271513.586000,0,1,0,1,18,0,18,30,52,0,
2020,11,25,12,31,53,687,1606271513.687000,0,1,0,1,18,0,18,30,52,0,
2020,11,25,12,31,53,790,1606271513.790000,0,1,0,1,18,0,18,30,52,0,
2020,11,25,12,31,53,894,1606271513.894000,0,1,0,1,18,0,18,30,52,0,
2020,11,25,12,31,53,996,1606271513.996000,0,1,0,1,17,0,18,30,52,0,
2020,11,25,12,31,54,98,1606271514.098000,0,1,0,1,17,0,17,30,52,0,
2020,11,25,12,31,54,200,1606271514.200000,0,1,0,1,17,0,17,30,52,0,
2020,11,25,12,31,54,306,1606271514.306000,0,1,0,1,17,0,17,30,52,0,
2020,11,25,12,31,54,408,1606271514.408000,0,1,0,1,17,0,17,30,52,0,
2020,11,25,12,31,54,510,1606271514.510000,0,1,0,1,17,0,17,30,52,0,
2020,11,25,12,31,54,612,1606271514.612000,0,1,0,1,17,0,17,30,52,0,
2020,11,25,12,31,54,714,1606271514.714000,0,1,0,1,17,0,17,30,52,0,
2020,11,25,12,31,54,815,1606271514.815000,0,1,0,1,17,0,17,30,52,0,
2020,11,25,12,31,54,917,1606271514.917000,0,1,0,1,17,0,17,30,52,0,
2020,11,25,12,31,55,20,1606271515.020000,0,1,0,1,17,0,17,30,52,0,
2020,11,25,12,31,55,122,1606271515.122000,0,1,0,1,17,0,17,30,52,0,
2020,11,25,12,31,55,225,1606271515.225000,0,1,0,1,17,0,17,30,52,0,
2020,11,25,12,31,55,327,1606271515.327000,0,1,0,1,17,0,17,30,52,0,
2020,11,25,12,31,55,429,1606271515.429000,0,1,0,1,17,0,17,30,52,0,
2020,11,25,12,31,55,532,1606271515.532000,0,1,0,1,17,0,17,30,52,0,
2020,11,25,12,31,55,636,1606271515.636000,0,1,0,1,17,0,17,30,52,0,
2020,11,25,12,31,55,738,1606271515.738000,0,1,0,1,17,0,17,30,52,0,
2020,11,25,12,31,55,841,1606271515.841000,0,1,0,1,17,0,17,30,52,0,
2020,11,25,12,31,55,944,1606271515.944000,0,1,0,1,17,0,17,30,52,0,
2020,11,25,12,31,56,46,1606271516.046000,0,1,0,1,17,0,17,30,52,0,
2020,11,25,12,31,56,151,1606271516.151000,0,1,0,1,17,0,17,30,52,0,
2020,11,25,12,31,56,255,1606271516.255000,0,1,0,1,17,0,17,30,52,0,
2020,11,25,12,31,56,357,1606271516.357000,0,1,0,1,18,0,18,30,52,0,
2020,11,25,12,31,56,459,1606271516.459000,0,1,0,1,18,0,18,30,52,0,
2020,11,25,12,31,56,562,1606271516.562000,0,1,0,1,18,0,18,30,52,0,
2020,11,25,12,31,56,664,1606271516.664000,0,1,0,1,18,0,18,30,52,0,
2020,11,25,12,31,56,766,1606271516.766000,0,1,0,1,18,0,18,30,52,0,
2020,11,25,12,31,56,868,1606271516.868000,0,1,0,1,18,0,18,30,52,0,
2020,11,25,12,31,56,971,1606271516.971000,0,1,0,1,18,0,18,30,52,0,
2020,11,25,12,31,57,76,1606271517.076000,0,1,0,1,18,0,18,30,52,0,
2020,11,25,12,31,57,178,1606271517.178000,0,1,0,1,18,0,18,30,52,0,
2020,11,25,12,31,57,280,1606271517.280000,0,1,0,1,18,0,18,30,52,0,
2020,11,25,12,31,57,382,1606271517.382000,0,1,0,1,18,0,18,30,52,0,
2020,11,25,12,31,57,484,1606271517.484000,0,1,0,1,18,0,18,30,52,0,
2020,11,25,12,31,57,587,1606271517.587000,0,1,0,1,17,0,17,30,52,0,
2020,11,25,12,31,57,690,1606271517.690000,0,1,0,1,17,0,17,30,52,0,
2020,11,25,12,31,57,794,1606271517.794000,0,1,0,1,17,0,17,30,52,0,
2020,11,25,12,31,57,896,1606271517.896000,0,1,0,1,17,0,17,30,52,0,
2020,11,25,12,31,57,998,1606271517.998000,0,1,0,1,17,0,17,30,52,0,
2020,11,25,12,31,58,100,1606271518.100000,0,1,0,1,17,0,17,30,52,0,
2020,11,25,12,31,58,206,1606271518.206000,0,1,0,1,17,0,17,30,52,0,
2020,11,25,12,31,58,308,1606271518.308000,0,1,0,1,17,0,17,30,52,0,
2020,11,25,12,31,58,410,1606271518.410000,0,1,0,1,17,0,17,30,52,0,
2020,11,25,12,31,58,512,1606271518.512000,0,1,0,1,17,0,17,30,52,0,
2020,11,25,12,31,58,614,1606271518.614000,0,1,0,1,17,0,17,30,52,0,
2020,11,25,12,31,58,715,1606271518.715000,0,1,0,1,17,0,17,30,52,0,
2020,11,25,12,31,58,817,1606271518.817000,0,1,0,1,17,0,17,30,52,0,
2020,11,25,12,31,58,919,1606271518.919000,0,1,0,1,17,0,17,30,52,0,
2020,11,25,12,31,59,21,1606271519.021000,0,1,0,1,17,0,17,30,52,0,
2020,11,25,12,31,59,123,1606271519.123000,0,1,0,1,17,0,17,30,52,0,
2020,11,25,12,31,59,225,1606271519.225000,0,1,0,1,17,0,17,30,52,0,
2020,11,25,12,31,59,328,1606271519.328000,0,1,0,1,17,0,17,30,52,0,
2020,11,25,12,31,59,432,1606271519.432000,0,1,0,1,17,0,17,30,52,0,
2020,11,25,12,31,59,536,1606271519.536000,0,1,0,1,17,0,17,30,52,0,
2020,11,25,12,31,59,639,1606271519.639000,0,1,0,1,17,0,17,30,52,0,
2020,11,25,12,31,59,743,1606271519.743000,0,1,0,1,17,0,17,30,52,0,
2020,11,25,12,31,59,846,1606271519.846000,0,1,0,1,17,0,17,30,52,0,
2020,11,25,12,31,59,951,1606271519.951000,0,1,0,1,18,0,18,30,52,0,
2020,11,25,12,32,0,55,1606271520.055000,0,1,0,1,18,0,18,30,52,0,
2020,11,25,12,32,0,164,1606271520.164000,0,1,0,1,18,0,18,30,52,0,
2020,11,25,12,32,0,267,1606271520.267000,0,1,0,1,18,0,18,30,52,0,
2020,11,25,12,32,0,369,1606271520.369000,0,1,0,1,18,0,18,30,52,0,
2020,11,25,12,32,0,472,1606271520.472000,0,1,0,1,18,0,18,30,52,0,
2020,11,25,12,32,0,574,1606271520.574000,0,1,0,1,18,0,18,30,52,0,
2020,11,25,12,32,0,677,1606271520.677000,0,1,0,1,18,0,18,30,52,0,
2020,11,25,12,32,0,779,1606271520.779000,0,1,0,1,18,0,18,30,52,0,
2020,11,25,12,32,0,881,1606271520.881000,0,1,0,1,18,0,18,30,52,0,
2020,11,25,12,32,0,984,1606271520.984000,0,1,0,1,18,0,18,30,52,0,
2020,11,25,12,32,1,86,1606271521.086000,0,1,0,1,17,0,17,30,52,0,
2020,11,25,12,32,1,188,1606271521.188000,0,1,0,1,17,0,17,30,52,0,
2020,11,25,12,32,1,290,1606271521.290000,0,1,0,1,17,0,17,30,52,0,
2020,11,25,12,32,1,392,1606271521.392000,0,1,0,1,17,0,17,30,52,0,
2020,11,25,12,32,1,494,1606271521.494000,0,1,0,1,17,0,17,30,52,0,
2020,11,25,12,32,1,596,1606271521.596000,0,1,0,1,17,0,17,30,52,0,
2020,11,25,12,32,1,698,1606271521.698000,0,1,0,1,17,0,17,30,52,0,
2020,11,25,12,32,1,801,1606271521.801000,0,1,0,1,17,0,17,30,52,0,
2020,11,25,12,32,1,907,1606271521.907000,0,1,0,1,17,0,17,30,52,0,
2020,11,25,12,32,2,9,1606271522.009000,0,1,0,1,17,0,17,30,52,0,
2020,11,25,12,32,2,111,1606271522.111000,0,1,0,1,17,0,17,30,52,0,
2020,11,25,12,32,2,213,1606271522.213000,0,1,0,1,17,0,17,30,52,0,
2020,11,25,12,32,2,315,1606271522.315000,0,1,0,1,17,0,17,30,52,0,
2020,11,25,12,32,2,417,1606271522.417000,0,1,0,1,17,0,17,30,52,0,
2020,11,25,12,32,2,519,1606271522.519000,0,1,0,1,17,0,17,30,52,0,
2020,11,25,12,32,2,621,1606271522.621000,0,1,0,1,17,0,17,30,52,0,
2020,11,25,12,32,2,723,1606271522.723000,0,1,0,1,17,0,17,30,52,0,
2020,11,25,12,32,2,825,1606271522.825000,0,1,0,1,17,0,17,30,52,0,
2020,11,25,12,32,2,928,1606271522.928000,0,1,0,1,17,0,17,30,52,0,
2020,11,25,12,32,3,30,1606271523.030000,0,1,0,1,17,0,17,30,52,0,
2020,11,25,12,32,3,132,1606271523.132000,0,1,0,1,17,0,17,30,52,0,
2020,11,25,12,32,3,234,1606271523.234000,0,1,0,1,17,0,17,30,52,0,
2020,11,25,12,32,3,336,1606271523.336000,0,1,0,1,17,0,17,30,52,0,
2020,11,25,12,32,3,438,1606271523.438000,0,1,0,1,17,0,17,30,52,0,
2020,11,25,12,32,3,541,1606271523.541000,0,1,0,1,17,0,17,30,52,0,
2020,11,25,12,32,3,643,1606271523.643000,0,1,0,1,18,0,18,30,52,0,
2020,11,25,12,32,3,746,1606271523.746000,0,1,0,1,18,0,18,30,52,0,
2020,11,25,12,32,3,848,1606271523.848000,0,1,0,1,18,0,18,30,52,0,
2020,11,25,12,32,3,950,1606271523.950000,0,1,0,1,18,0,18,30,52,0,
2020,11,25,12,32,4,54,1606271524.054000,0,1,0,1,18,0,18,30,52,0,
2020,11,25,12,32,4,156,1606271524.156000,0,1,0,1,18,0,18,30,52,0,
2020,11,25,12,32,4,257,1606271524.257000,0,1,0,1,18,0,18,30,52,0,
2020,11,25,12,32,4,359,1606271524.359000,0,1,0,1,18,0,18,30,52,0,
2020,11,25,12,32,4,461,1606271524.461000,0,1,0,1,18,0,18,30,52,0,
2020,11,25,12,32,4,563,1606271524.563000,0,1,0,1,18,0,18,30,52,0,
2020,11,25,12,32,4,666,1606271524.666000,0,1,0,1,18,0,18,30,52,0,
2020,11,25,12,32,4,769,1606271524.769000,0,1,0,1,18,0,18,30,52,0,
2020,11,25,12,32,4,871,1606271524.871000,0,1,0,1,18,0,18,30,52,0,
2020,11,25,12,32,4,973,1606271524.973000,0,1,0,1,17,0,17,30,52,0,
2020,11,25,12,32,5,76,1606271525.076000,0,1,0,1,17,0,17,30,52,0,
2020,11,25,12,32,5,179,1606271525.179000,0,1,0,1,17,0,17,30,52,0,
2020,11,25,12,32,5,281,1606271525.281000,0,1,0,1,17,0,17,30,52,0,
2020,11,25,12,32,5,384,1606271525.384000,0,1,0,1,17,0,17,30,52,0,
2020,11,25,12,32,5,487,1606271525.487000,0,1,0,1,17,0,17,30,52,0,
2020,11,25,12,32,5,589,1606271525.589000,0,1,0,1,17,0,17,30,52,0,
2020,11,25,12,32,5,691,1606271525.691000,0,1,0,1,17,0,17,30,52,0,
2020,11,25,12,32,5,793,1606271525.793000,0,1,0,1,17,0,17,30,52,0,
2020,11,25,12,32,5,895,1606271525.895000,0,1,0,1,17,0,17,30,52,0,
2020,11,25,12,32,5,997,1606271525.997000,0,1,0,1,17,0,17,30,52,0,
2020,11,25,12,32,6,100,1606271526.100000,0,1,0,1,17,0,17,30,52,0,
2020,11,25,12,32,6,207,1606271526.207000,0,1,0,1,17,0,17,30,52,0,
2020,11,25,12,32,6,310,1606271526.310000,0,1,0,1,17,0,17,30,52,0,
2020,11,25,12,32,6,413,1606271526.413000,0,1,0,1,17,0,17,30,52,0,
2020,11,25,12,32,6,515,1606271526.515000,0,1,0,1,17,0,17,30,52,0,
2020,11,25,12,32,6,618,1606271526.618000,0,1,0,1,17,0,17,30,52,0,
2020,11,25,12,32,6,719,1606271526.719000,0,1,0,1,17,0,17,30,52,0,
2020,11,25,12,32,6,821,1606271526.821000,0,1,0,1,17,0,17,30,52,0,
2020,11,25,12,32,6,923,1606271526.923000,0,1,0,1,17,0,17,30,52,0,
2020,11,25,12,32,7,25,1606271527.025000,0,1,0,1,17,0,17,30,52,0,
2020,11,25,12,32,7,127,1606271527.127000,0,1,0,1,18,0,18,30,52,0,
2020,11,25,12,32,7,229,1606271527.229000,0,1,0,1,18,0,18,30,52,0,
2020,11,25,12,32,7,332,1606271527.332000,0,1,0,1,18,0,18,30,52,0,
2020,11,25,12,32,7,435,1606271527.435000,0,1,0,1,18,0,18,30,52,0,
2020,11,25,12,32,7,537,1606271527.537000,0,1,0,1,16,0,16,27,47,0,
2020,11,25,12,32,7,638,1606271527.638000,0,1,0,1,15,0,15,26,45,0,
2020,11,25,12,32,7,741,1606271527.741000,0,1,0,1,9,0,9,15,27,0,
2020,11,25,12,32,7,843,1606271527.843000,0,1,0,1,9,0,9,15,27,0,
2020,11,25,12,32,7,946,1606271527.946000,0,1,0,1,9,0,9,15,26,0,
2020,11,25,12,32,8,48,1606271528.048000,0,1,0,1,7,0,7,11,20,0,
2020,11,25,12,32,8,151,1606271528.151000,0,1,0,1,7,0,7,10,18,0,
2020,11,25,12,32,8,255,1606271528.255000,0,1,0,1,2,0,2,3,6,0,
2020,11,25,12,32,8,356,1606271528.356000,0,1,0,1,1,0,1,1,2,0,
2020,11,25,12,32,8,459,1606271528.459000,0,1,0,1,1,0,1,1,2,0,
2020,11,25,12,32,8,566,1606271528.566000,0,1,0,1,1,0,1,0,0,0,
2020,11,25,12,32,8,668,1606271528.668000,0,1,0,1,1,0,1,0,0,0,
2020,11,25,12,32,8,771,1606271528.771000,0,1,0,1,1,0,1,0,0,0,
2020,11,25,12,32,8,872,1606271528.872000,0,1,0,1,1,0,1,1,0,0,
2020,11,25,12,32,8,975,1606271528.975000,0,1,0,1,1,0,1,1,0,0,
2020,11,25,12,32,9,77,1606271529.077000,0,1,0,1,1,0,1,1,0,0,
2020,11,25,12,32,9,179,1606271529.179000,0,1,0,1,1,0,1,1,0,0,
2020,11,25,12,32,9,281,1606271529.281000,0,1,0,1,1,0,1,1,0,0,
2020,11,25,12,32,9,383,1606271529.383000,0,1,0,1,0,0,0,0,0,0,
2020,11,25,12,32,9,485,1606271529.485000,0,1,0,1,0,0,0,0,0,0,
2020,11,25,12,32,9,587,1606271529.587000,0,1,0,1,0,0,0,0,0,0,
2020,11,25,12,32,9,690,1606271529.690000,0,1,0,1,0,0,0,0,0,0,
2020,11,25,12,32,9,793,1606271529.793000,0,1,0,1,0,0,0,0,0,0,
2020,11,25,12,32,9,896,1606271529.896000,0,1,0,1,0,0,0,0,0,0,
2020,11,25,12,32,9,998,1606271529.998000,0,1,0,1,0,0,0,0,0,0,
2020,11,25,12,32,10,100,1606271530.100000,0,1,0,1,0,0,0,0,0,0,
2020,11,25,12,32,10,205,1606271530.205000,0,1,0,1,0,0,0,0,0,0,
2020,11,25,12,32,10,307,1606271530.307000,0,1,0,1,0,0,0,0,0,0,
2020,11,25,12,32,10,410,1606271530.410000,0,1,0,1,0,0,0,0,0,0,
2020,11,25,12,32,10,511,1606271530.511000,0,1,0,1,0,0,0,0,0,0,
2020,11,25,12,32,10,613,1606271530.613000,0,1,0,1,0,0,0,0,0,0,
2020,11,25,12,32,10,715,1606271530.715000,0,1,0,1,0,0,0,0,0,0,
2020,11,25,12,32,10,817,1606271530.817000,0,1,0,1,0,0,0,0,0,0,
2020,11,25,12,32,10,920,1606271530.920000,0,1,0,1,0,0,0,0,0,0,
2020,11,25,12,32,11,22,1606271531.022000,0,1,0,1,0,0,0,0,0,0,
2020,11,25,12,32,11,126,1606271531.126000,0,1,0,1,0,0,0,0,0,0,
2020,11,25,12,32,11,228,1606271531.228000,0,1,0,1,0,0,0,0,0,0,
2020,11,25,12,32,11,332,1606271531.332000,0,1,0,1,0,0,0,0,0,0,
2020,11,25,12,32,11,435,1606271531.435000,0,1,0,1,0,0,0,0,0,0,
2020,11,25,12,32,11,538,1606271531.538000,0,1,0,1,0,0,0,0,0,0,
2020,11,25,12,32,11,642,1606271531.642000,0,1,0,1,0,0,0,0,0,0,
2020,11,25,12,32,11,744,1606271531.744000,0,1,0,1,0,0,0,0,0,0,
2020,11,25,12,32,11,846,1606271531.846000,0,1,0,1,0,0,0,0,0,0,
2020,11,25,12,32,11,950,1606271531.950000,0,1,0,1,0,0,0,0,0,0,
2020,11,25,12,32,12,53,1606271532.053000,0,1,0,1,0,0,0,0,0,0,
2020,11,25,12,32,12,156,1606271532.156000,0,1,0,1,0,0,0,0,0,0,
2020,11,25,12,32,12,259,1606271532.259000,0,1,0,1,0,0,0,0,0,0,
2020,11,25,12,32,12,361,1606271532.361000,0,1,0,1,0,0,0,0,0,0,
2020,11,25,12,32,12,463,1606271532.463000,0,1,0,1,0,0,0,0,0,0,
2020,11,25,12,32,12,564,1606271532.564000,0,1,0,1,0,0,0,0,0,0,
2020,11,25,12,32,12,667,1606271532.667000,0,1,0,1,0,0,0,0,0,0,
2020,11,25,12,32,12,770,1606271532.770000,0,1,0,1,0,0,0,0,0,0,
2020,11,25,12,32,12,872,1606271532.872000,0,1,0,1,0,0,0,0,0,0,
2020,11,25,12,32,12,974,1606271532.974000,0,1,0,1,0,0,0,0,0,0,
2020,11,25,12,32,13,76,1606271533.076000,0,1,0,1,0,0,0,0,0,0,
2020,11,25,12,32,13,178,1606271533.178000,0,1,0,1,0,0,0,0,0,0,
2020,11,25,12,32,13,280,1606271533.280000,0,1,0,1,0,0,0,0,0,0,
2020,11,25,12,32,13,382,1606271533.382000,0,1,0,1,0,0,0,0,0,0,
2020,11,25,12,32,13,484,1606271533.484000,0,1,0,1,0,0,0,0,0,0,
2020,11,25,12,32,13,586,1606271533.586000,0,1,0,1,0,0,0,0,0,0,
2020,11,25,12,32,13,687,1606271533.687000,0,1,0,1,0,0,0,0,0,0,
2020,11,25,12,32,13,791,1606271533.791000,0,1,0,1,0,0,0,0,0,0,
2020,11,25,12,32,13,893,1606271533.893000,0,1,0,1,0,0,0,0,0,0,
2020,11,25,12,32,13,994,1606271533.994000,0,1,0,1,0,0,0,0,0,0,
2020,11,25,12,32,14,96,1606271534.096000,0,1,0,1,0,0,0,0,0,0,
2020,11,25,12,32,14,198,1606271534.198000,0,1,0,1,0,0,0,0,0,0,
2020,11,25,12,32,14,300,1606271534.300000,0,1,0,1,0,0,0,0,0,0,
2020,11,25,12,32,14,406,1606271534.406000,0,1,0,1,0,0,0,0,0,0,
2020,11,25,12,32,14,508,1606271534.508000,0,1,0,1,0,0,0,0,0,0,
2020,11,25,12,32,14,610,1606271534.610000,0,1,0,1,0,0,0,0,0,0,
2020,11,25,12,32,14,712,1606271534.712000,0,1,0,1,0,0,0,0,0,0,
2020,11,25,12,32,14,815,1606271534.815000,0,1,0,1,0,0,0,0,0,0,
2020,11,25,12,32,14,917,1606271534.917000,0,1,0,1,0,0,0,0,0,0,
2020,11,25,12,32,15,18,1606271535.018000,0,1,0,1,0,0,0,0,0,0,
2020,11,25,12,32,15,120,1606271535.120000,0,1,0,1,0,0,0,0,0,0,
2020,11,25,12,32,15,222,1606271535.222000,0,1,0,1,0,0,0,0,0,0,
2020,11,25,12,32,15,324,1606271535.324000,0,1,0,1,0,0,0,0,0,0,
2020,11,25,12,32,15,427,1606271535.427000,0,1,0,1,0,0,0,0,0,0,
2020,11,25,12,32,15,528,1606271535.528000,0,1,0,1,0,0,0,0,0,0,
2020,11,25,12,32,15,631,1606271535.631000,0,1,0,1,0,0,0,0,0,0,
2020,11,25,12,32,15,732,1606271535.732000,0,1,0,1,0,0,0,0,0,0,
2020,11,25,12,32,15,837,1606271535.837000,0,1,0,1,0,0,0,0,0,0,
2020,11,25,12,32,15,940,1606271535.940000,0,1,0,1,0,0,0,0,0,0,
2020,11,25,12,32,16,45,1606271536.045000,0,1,0,1,0,0,0,0,0,0,
2020,11,25,12,32,16,147,1606271536.147000,0,1,0,1,0,0,0,0,0,0,
2020,11,25,12,32,16,249,1606271536.249000,0,1,0,1,0,0,0,0,0,0,
2020,11,25,12,32,16,354,1606271536.354000,0,1,0,1,0,0,0,0,0,0,
2020,11,25,12,32,16,456,1606271536.456000,0,1,0,1,0,0,0,0,0,0,
2020,11,25,12,32,16,558,1606271536.558000,0,1,0,1,0,0,0,0,0,0,
2020,11,25,12,32,16,660,1606271536.660000,0,1,0,1,0,0,0,0,0,0,
2020,11,25,12,32,16,762,1606271536.762000,0,1,0,1,0,0,0,0,0,0,
2020,11,25,12,32,16,865,1606271536.865000,0,1,0,1,0,0,0,0,0,0,
2020,11,25,12,32,16,967,1606271536.967000,0,1,0,1,0,0,0,0,0,0,
2020,11,25,12,32,17,69,1606271537.069000,0,1,0,1,0,0,0,0,0,0,
2020,11,25,12,32,17,172,1606271537.172000,0,1,0,1,0,0,0,0,0,0,
2020,11,25,12,32,17,273,1606271537.273000,0,1,0,1,0,0,0,0,0,0,
2020,11,25,12,32,17,375,1606271537.375000,0,1,0,1,0,0,0,0,0,0,
2020,11,25,12,32,17,478,1606271537.478000,0,1,0,1,0,0,0,0,0,0,
2020,11,25,12,32,17,581,1606271537.581000,0,1,0,1,0,0,0,0,0,0,
2020,11,25,12,32,17,683,1606271537.683000,0,1,0,1,0,0,0,0,0,0,
2020,11,25,12,32,17,786,1606271537.786000,0,1,0,1,0,0,0,0,0,0,
2020,11,25,12,32,17,887,1606271537.887000,0,1,0,1,0,0,0,0,0,0,
2020,11,25,12,32,17,991,1606271537.991000,0,1,0,1,0,0,0,0,0,0,
2020,11,25,12,32,18,94,1606271538.094000,0,1,0,1,0,0,0,0,0,0,
2020,11,25,12,32,18,197,1606271538.197000,0,1,0,1,0,0,0,0,0,0,
2020,11,25,12,32,18,299,1606271538.299000,0,1,0,1,0,0,0,0,0,0,
2020,11,25,12,32,18,401,1606271538.401000,0,1,0,1,0,0,0,0,0,0,
2020,11,25,12,32,18,507,1606271538.507000,0,1,0,1,0,0,0,0,0,0,
2020,11,25,12,32,18,608,1606271538.608000,0,1,0,1,0,0,0,0,0,0,
2020,11,25,12,32,18,711,1606271538.711000,0,1,0,1,0,0,0,0,0,0,
2020,11,25,12,32,18,814,1606271538.814000,0,1,0,1,0,0,0,0,0,0,
2020,11,25,12,32,18,916,1606271538.916000,0,1,0,1,0,0,0,0,0,0,
2020,11,25,12,32,19,18,1606271539.018000,0,1,0,1,0,0,0,0,0,0,
2020,11,25,12,32,19,119,1606271539.119000,0,1,0,1,0,0,0,0,0,0,
2020,11,25,12,32,19,221,1606271539.221000,0,1,0,1,0,0,0,0,0,0,
2020,11,25,12,32,19,323,1606271539.323000,0,1,0,1,0,0,0,0,0,0,
2020,11,25,12,32,19,425,1606271539.425000,0,1,0,1,0,0,0,0,0,0,
2020,11,25,12,32,19,527,1606271539.527000,0,1,0,1,0,0,0,0,0,0,
2020,11,25,12,32,19,629,1606271539.629000,0,1,0,1,0,0,0,0,0,0,
2020,11,25,12,32,19,731,1606271539.731000,0,1,0,1,0,0,0,0,0,0,
2020,11,25,12,32,19,833,1606271539.833000,0,1,0,1,0,0,0,0,0,0,
2020,11,25,12,32,19,935,1606271539.935000,0,1,0,1,0,0,0,0,0,0,
2020,11,25,12,32,20,37,1606271540.037000,0,1,0,1,0,0,0,0,0,0,
2020,11,25,12,32,20,140,1606271540.140000,0,1,0,1,0,0,0,0,0,0,
2020,11,25,12,32,20,243,1606271540.243000,0,1,0,1,0,0,0,0,0,0,
2020,11,25,12,32,20,345,1606271540.345000,0,1,0,1,0,0,0,0,0,0,
2020,11,25,12,32,20,448,1606271540.448000,0,1,0,1,0,0,0,0,0,0,
2020,11,25,12,32,20,550,1606271540.550000,0,1,0,1,0,0,0,0,0,0,
2020,11,25,12,32,20,653,1606271540.653000,0,1,0,1,0,0,0,0,0,0,
2020,11,25,12,32,20,757,1606271540.757000,0,1,0,1,0,0,0,0,0,0,
2020,11,25,12,32,20,859,1606271540.859000,0,1,0,1,0,0,0,0,0,0,
2020,11,25,12,32,20,961,1606271540.961000,0,1,0,1,0,0,0,0,0,0,
2020,11,25,12,32,21,62,1606271541.062000,0,1,0,1,0,0,0,0,0,0,
2020,11,25,12,32,21,164,1606271541.164000,0,1,0,1,0,0,0,0,0,0,
2020,11,25,12,32,21,266,1606271541.266000,0,1,0,1,0,0,0,0,0,0,
2020,11,25,12,32,21,368,1606271541.368000,0,1,0,1,0,0,0,0,0,0,
2020,11,25,12,32,21,473,1606271541.473000,0,1,0,1,0,0,0,0,0,0,
2020,11,25,12,32,21,575,1606271541.575000,0,1,0,1,0,0,0,0,0,0,
2020,11,25,12,32,21,677,1606271541.677000,0,1,0,1,0,0,0,0,0,0,
2020,11,25,12,32,21,780,1606271541.780000,0,1,0,1,0,0,0,0,0,0,
2020,11,25,12,32,21,882,1606271541.882000,0,1,0,1,0,0,0,0,0,0,
2020,11,25,12,32,21,984,1606271541.984000,0,1,0,1,0,0,0,0,0,0,
2020,11,25,12,32,22,87,1606271542.087000,0,1,0,1,0,0,0,0,0,0,
2020,11,25,12,32,22,189,1606271542.189000,0,1,0,1,0,0,0,0,0,0,
2020,11,25,12,32,22,292,1606271542.292000,0,1,0,1,0,0,0,0,0,0,
2020,11,25,12,32,22,397,1606271542.397000,0,1,0,1,0,0,0,0,0,0,
2020,11,25,12,32,22,499,1606271542.499000,0,1,0,1,0,0,0,0,0,0,
2020,11,25,12,32,22,602,1606271542.602000,0,1,0,1,0,0,0,0,0,0,
2020,11,25,12,32,22,707,1606271542.707000,0,1,0,1,0,0,0,0,0,0,
2020,11,25,12,32,22,808,1606271542.808000,0,1,0,1,0,0,0,0,0,0,
2020,11,25,12,32,22,910,1606271542.910000,0,1,0,1,0,0,0,0,0,0,
2020,11,25,12,32,23,13,1606271543.013000,0,1,0,1,0,0,0,0,0,0,
2020,11,25,12,32,23,115,1606271543.115000,0,1,0,1,0,0,0,0,0,0,
2020,11,25,12,32,23,218,1606271543.218000,0,1,0,1,0,0,0,0,0,0,
2020,11,25,12,32,23,321,1606271543.321000,0,1,0,1,0,0,0,0,0,0,
2020,11,25,12,32,23,422,1606271543.422000,0,1,0,1,0,0,0,0,0,0,
2020,11,25,12,32,23,524,1606271543.524000,0,1,0,1,0,0,0,0,0,0,
2020,11,25,12,32,23,626,1606271543.626000,0,1,0,1,0,0,0,0,0,0,
2020,11,25,12,32,23,728,1606271543.728000,0,1,0,1,0,0,0,0,0,0,
2020,11,25,12,32,23,831,1606271543.831000,0,1,0,1,0,0,0,0,0,0,
2020,11,25,12,32,23,932,1606271543.932000,0,1,0,1,0,0,0,0,0,0,
2020,11,25,12,32,24,35,1606271544.035000,0,1,0,1,0,0,0,0,0,0,
2020,11,25,12,32,24,137,1606271544.137000,0,1,0,1,0,0,0,0,0,0,
2020,11,25,12,32,24,239,1606271544.239000,0,1,0,1,0,0,0,0,0,0,
2020,11,25,12,32,24,341,1606271544.341000,0,1,0,1,0,0,0,0,0,0,
2020,11,25,12,32,24,442,1606271544.442000,0,1,0,1,0,0,0,0,0,0,
2020,11,25,12,32,24,545,1606271544.545000,0,1,0,1,0,0,0,0,0,0,
2020,11,25,12,32,24,647,1606271544.647000,0,1,0,1,0,0,0,0,0,0,
2020,11,25,12,32,24,751,1606271544.751000,0,1,0,1,0,0,0,0,0,0,
2020,11,25,12,32,24,855,1606271544.855000,0,1,0,1,0,0,0,0,0,0,
2020,11,25,12,32,24,957,1606271544.957000,0,1,0,1,0,0,0,0,0,0,
2020,11,25,12,32,25,59,1606271545.059000,0,1,0,1,0,0,0,0,0,0,
2020,11,25,12,32,25,161,1606271545.161000,0,1,0,1,0,0,0,0,0,0,
2020,11,25,12,32,25,263,1606271545.263000,0,1,0,1,0,0,0,0,0,0,
2020,11,25,12,32,25,365,1606271545.365000,0,1,0,1,0,0,0,0,0,0,
2020,11,25,12,32,25,467,1606271545.467000,0,1,0,1,0,0,0,0,0,0,
2020,11,25,12,32,25,571,1606271545.571000,0,1,0,1,0,0,0,0,0,0,
2020,11,25,12,32,25,673,1606271545.673000,0,1,0,1,0,0,0,0,0,0,
2020,11,25,12,32,25,777,1606271545.777000,0,1,0,1,0,0,0,0,0,0,
2020,11,25,12,32,25,879,1606271545.879000,0,1,0,1,0,0,0,0,0,0,
2020,11,25,12,32,25,981,1606271545.981000,0,1,0,1,0,0,0,0,0,0,
2020,11,25,12,32,26,83,1606271546.083000,0,1,0,1,0,0,0,0,0,0,
2020,11,25,12,32,26,186,1606271546.186000,0,1,0,1,0,0,0,0,0,0,
2020,11,25,12,32,26,289,1606271546.289000,0,1,0,1,0,0,0,0,0,0,
2020,11,25,12,32,26,390,1606271546.390000,0,1,0,1,0,0,0,0,0,0,
2020,11,25,12,32,26,492,1606271546.492000,0,1,0,1,0,0,0,0,0,0,
2020,11,25,12,32,26,594,1606271546.594000,0,1,0,1,0,0,0,0,0,0,
2020,11,25,12,32,26,696,1606271546.696000,0,1,0,1,0,0,0,0,0,0,
2020,11,25,12,32,26,798,1606271546.798000,0,1,0,1,0,0,0,0,0,0,
2020,11,25,12,32,26,902,1606271546.902000,0,1,0,1,0,0,0,0,0,0,
2020,11,25,12,32,27,7,1606271547.007000,0,1,0,1,0,0,0,0,0,0,
2020,11,25,12,32,27,109,1606271547.109000,0,1,0,1,0,0,0,0,0,0,
2020,11,25,12,32,27,213,1606271547.213000,0,1,0,1,0,0,0,0,0,0,
2020,11,25,12,32,27,315,1606271547.315000,0,1,0,1,0,0,0,0,0,0,
2020,11,25,12,32,27,417,1606271547.417000,0,1,0,1,0,0,0,0,0,0,
2020,11,25,12,32,27,519,1606271547.519000,0,1,0,1,0,0,0,0,0,0,
2020,11,25,12,32,27,620,1606271547.620000,0,1,0,1,0,0,0,0,0,0,
2020,11,25,12,32,27,725,1606271547.725000,0,1,0,1,0,0,0,0,0,0,
2020,11,25,12,32,27,826,1606271547.826000,0,1,0,1,0,0,0,0,0,0,
2020,11,25,12,32,27,928,1606271547.928000,0,1,0,1,0,0,0,0,0,0,
2020,11,25,12,32,28,30,1606271548.030000,0,1,0,1,0,0,0,0,0,0,
2020,11,25,12,32,28,132,1606271548.132000,0,1,0,1,0,0,0,0,0,0,
2020,11,25,12,32,28,234,1606271548.234000,0,1,0,1,0,0,0,0,0,0,
2020,11,25,12,32,28,337,1606271548.337000,0,1,0,1,0,0,0,0,0,0,
2020,11,25,12,32,28,438,1606271548.438000,0,1,0,1,0,0,0,0,0,0,
2020,11,25,12,32,28,541,1606271548.541000,0,1,0,1,0,0,0,0,0,0,
2020,11,25,12,32,28,643,1606271548.643000,0,1,0,1,0,0,0,0,0,0,
2020,11,25,12,32,28,745,1606271548.745000,0,1,0,1,0,0,0,0,0,0,
2020,11,25,12,32,28,848,1606271548.848000,0,1,0,1,0,0,0,0,0,0,
2020,11,25,12,32,28,950,1606271548.950000,0,1,0,1,0,0,0,0,0,0,
2020,11,25,12,32,29,54,1606271549.054000,0,1,0,1,0,0,0,0,0,0,
2020,11,25,12,32,29,158,1606271549.158000,0,1,0,1,0,0,0,0,0,0,
2020,11,25,12,32,29,261,1606271549.261000,0,1,0,1,0,0,0,0,0,0,
2020,11,25,12,32,29,363,1606271549.363000,0,1,0,1,0,0,0,0,0,0,
2020,11,25,12,32,29,465,1606271549.465000,0,1,0,1,0,0,0,0,0,0,
2020,11,25,12,32,29,567,1606271549.567000,0,1,0,1,0,0,0,0,0,0,
2020,11,25,12,32,29,668,1606271549.668000,0,1,0,1,0,0,0,0,0,0,
2020,11,25,12,32,29,772,1606271549.772000,0,1,0,1,0,0,0,0,0,0,
2020,11,25,12,32,29,873,1606271549.873000,0,1,0,1,0,0,0,0,0,0,
2020,11,25,12,32,29,977,1606271549.977000,0,1,0,1,0,0,0,0,0,0,
2020,11,25,12,32,30,79,1606271550.079000,0,1,0,1,0,0,0,0,0,0,
2020,11,25,12,32,30,182,1606271550.182000,0,1,0,1,0,0,0,0,0,0,
2020,11,25,12,32,30,285,1606271550.285000,0,1,0,1,0,0,0,0,0,0,
2020,11,25,12,32,30,387,1606271550.387000,0,1,0,1,0,0,0,0,0,0,
2020,11,25,12,32,30,489,1606271550.489000,0,1,0,1,0,0,0,0,0,0,
2020,11,25,12,32,30,592,1606271550.592000,0,1,0,1,0,0,0,0,0,0,
2020,11,25,12,32,30,695,1606271550.695000,0,1,0,1,0,0,0,0,0,0,
2020,11,25,12,32,30,797,1606271550.797000,0,1,0,1,0,0,0,0,0,0,
2020,11,25,12,32,30,898,1606271550.898000,0,1,0,1,0,0,0,0,0,0,
2020,11,25,12,32,31,0,1606271551.000000,0,1,0,1,0,0,0,0,0,0,
2020,11,25,12,32,31,104,1606271551.104000,0,1,0,1,0,0,0,0,0,0,
2020,11,25,12,32,31,206,1606271551.206000,0,1,0,1,0,0,0,0,0,0,
2020,11,25,12,32,31,308,1606271551.308000,0,1,0,1,0,0,0,0,0,0,
2020,11,25,12,32,31,411,1606271551.411000,0,1,0,1,0,0,0,0,0,0,
2020,11,25,12,32,31,513,1606271551.513000,0,1,0,1,0,0,0,0,0,0,
2020,11,25,12,32,31,615,1606271551.615000,0,1,0,1,0,0,0,0,0,0,
2020,11,25,12,32,31,717,1606271551.717000,0,1,0,1,0,0,0,0,0,0,
2020,11,25,12,32,31,818,1606271551.818000,0,1,0,1,0,0,0,0,0,0,
2020,11,25,12,32,31,920,1606271551.920000,0,1,0,1,0,0,0,0,0,0,
2020,11,25,12,32,32,23,1606271552.023000,0,1,0,1,0,0,0,0,0,0,
2020,11,25,12,32,32,125,1606271552.125000,0,1,0,1,0,0,0,0,0,0,
2020,11,25,12,32,32,228,1606271552.228000,0,1,0,1,0,0,0,0,0,0,
2020,11,25,12,32,32,330,1606271552.330000,0,1,0,1,0,0,0,0,0,0,
2020,11,25,12,32,32,432,1606271552.432000,0,1,0,1,0,0,0,0,0,0,
2020,11,25,12,32,32,534,1606271552.534000,0,1,0,1,0,0,0,0,0,0,
2020,11,25,12,32,32,636,1606271552.636000,0,1,0,1,0,0,0,0,0,0,
2020,11,25,12,32,32,739,1606271552.739000,0,1,0,1,0,0,0,0,0,0,
2020,11,25,12,32,32,842,1606271552.842000,0,1,0,1,0,0,0,0,0,0,
2020,11,25,12,32,32,945,1606271552.945000,0,1,0,1,0,0,0,0,0,0,
2020,11,25,12,32,33,47,1606271553.047000,0,1,0,1,0,0,0,0,0,0,
2020,11,25,12,32,33,149,1606271553.149000,0,1,0,1,0,0,0,0,0,0,
2020,11,25,12,32,33,255,1606271553.255000,0,1,0,1,0,0,0,0,0,0,
2020,11,25,12,32,33,356,1606271553.356000,0,1,0,1,0,0,0,0,0,0,
2020,11,25,12,32,33,460,1606271553.460000,0,1,0,1,0,0,0,0,0,0,
2020,11,25,12,32,33,563,1606271553.563000,0,1,0,1,0,0,0,0,0,0,
2020,11,25,12,32,33,664,1606271553.664000,0,1,0,1,0,0,0,0,0,0,
2020,11,25,12,32,33,767,1606271553.767000,0,1,0,1,0,0,0,0,0,0,
2020,11,25,12,32,33,869,1606271553.869000,0,1,0,1,0,0,0,0,0,0,
2020,11,25,12,32,33,971,1606271553.971000,0,1,0,1,0,0,0,0,0,0,
2020,11,25,12,32,34,72,1606271554.072000,0,1,0,1,0,0,0,0,0,0,
2020,11,25,12,32,34,174,1606271554.174000,0,1,0,1,0,0,0,0,0,0,
2020,11,25,12,32,34,276,1606271554.276000,0,1,0,1,0,0,0,0,0,0,
2020,11,25,12,32,34,379,1606271554.379000,0,1,0,1,0,0,0,0,0,0,
2020,11,25,12,32,34,481,1606271554.481000,0,1,0,1,0,0,0,0,0,0,
2020,11,25,12,32,34,583,1606271554.583000,0,1,0,1,0,0,0,0,0,0,
2020,11,25,12,32,34,685,1606271554.685000,0,1,0,1,0,0,0,0,0,0,
2020,11,25,12,32,34,787,1606271554.787000,0,1,0,1,0,0,0,0,0,0,
2020,11,25,12,32,34,890,1606271554.890000,0,1,0,1,0,0,0,0,0,0,
2020,11,25,12,32,34,994,1606271554.994000,0,1,0,1,0,0,0,0,0,0,
2020,11,25,12,32,35,95,1606271555.095000,0,1,0,1,0,0,0,0,0,0,
2020,11,25,12,32,35,198,1606271555.198000,0,1,0,1,0,0,0,0,0,0,
2020,11,25,12,32,35,301,1606271555.301000,0,1,0,1,0,0,0,0,0,0,
2020,11,25,12,32,35,408,1606271555.408000,0,1,0,1,0,0,0,0,0,0,
2020,11,25,12,32,35,510,1606271555.510000,0,1,0,1,0,0,0,0,0,0,
2020,11,25,12,32,35,612,1606271555.612000,0,1,0,1,0,0,0,0,0,0,
2020,11,25,12,32,35,715,1606271555.715000,0,1,0,1,0,0,0,0,0,0,
2020,11,25,12,32,35,817,1606271555.817000,0,1,0,1,0,0,0,0,0,0,
2020,11,25,12,32,35,919,1606271555.919000,0,1,0,1,0,0,0,0,0,0,
2020,11,25,12,32,36,22,1606271556.022000,0,1,0,1,0,0,0,0,0,0,
2020,11,25,12,32,36,124,1606271556.124000,0,1,0,1,0,0,0,0,0,0,
2020,11,25,12,32,36,226,1606271556.226000,0,1,0,1,0,0,0,0,0,0,
2020,11,25,12,32,36,327,1606271556.327000,0,1,0,1,0,0,0,0,0,0,
2020,11,25,12,32,36,430,1606271556.430000,0,1,0,1,0,0,0,0,0,0,
2020,11,25,12,32,36,532,1606271556.532000,0,1,0,1,0,0,0,0,0,0,
2020,11,25,12,32,36,634,1606271556.634000,0,1,0,1,0,0,0,0,0,0,
2020,11,25,12,32,36,738,1606271556.738000,0,1,0,1,0,0,0,0,0,0,
2020,11,25,12,32,36,840,1606271556.840000,0,1,0,1,0,0,0,0,0,0,
2020,11,25,12,32,36,942,1606271556.942000,0,1,0,1,0,0,0,0,0,0,
2020,11,25,12,32,37,45,1606271557.045000,0,1,0,1,0,0,0,0,0,0,
2020,11,25,12,32,37,147,1606271557.147000,0,1,0,1,0,0,0,0,0,0,
2020,11,25,12,32,37,249,1606271557.249000,0,1,0,1,0,0,0,0,0,0,
2020,11,25,12,32,37,354,1606271557.354000,0,1,0,1,0,0,0,0,0,0,
2020,11,25,12,32,37,456,1606271557.456000,0,1,0,1,0,0,0,0,0,0,
2020,11,25,12,32,37,559,1606271557.559000,0,1,0,1,0,0,0,0,0,0,
2020,11,25,12,32,37,662,1606271557.662000,0,1,0,1,0,0,0,0,0,0,
2020,11,25,12,32,37,764,1606271557.764000,0,1,0,1,0,0,0,0,0,0,
2020,11,25,12,32,37,866,1606271557.866000,0,1,0,1,0,0,0,0,0,0,
2020,11,25,12,32,37,968,1606271557.968000,0,1,0,1,0,0,0,0,0,0,
2020,11,25,12,32,38,71,1606271558.071000,0,1,0,1,0,0,0,0,0,0,
2020,11,25,12,32,38,172,1606271558.172000,0,1,0,1,0,0,0,0,0,0,
2020,11,25,12,32,38,275,1606271558.275000,0,1,0,1,0,0,0,0,0,0,
2020,11,25,12,32,38,377,1606271558.377000,0,1,0,1,0,0,0,0,0,0,
2020,11,25,12,32,38,480,1606271558.480000,0,1,0,1,0,0,0,0,0,0,
2020,11,25,12,32,38,582,1606271558.582000,0,1,0,1,0,0,0,0,0,0,
2020,11,25,12,32,38,684,1606271558.684000,0,1,0,1,0,0,0,0,0,0,
2020,11,25,12,32,38,788,1606271558.788000,0,1,0,1,0,0,0,0,0,0,
2020,11,25,12,32,38,889,1606271558.889000,0,1,0,1,0,0,0,0,0,0,
2020,11,25,12,32,38,991,1606271558.991000,0,1,0,1,0,0,0,0,0,0,
2020,11,25,12,32,39,94,1606271559.094000,0,1,0,1,0,0,0,0,0,0,
2020,11,25,12,32,39,196,1606271559.196000,0,1,0,1,0,0,0,0,0,0,
2020,11,25,12,32,39,298,1606271559.298000,0,1,0,1,0,0,0,0,0,0,
2020,11,25,12,32,39,401,1606271559.401000,0,1,0,1,0,0,0,0,0,0,
2020,11,25,12,32,39,504,1606271559.504000,0,1,0,1,0,0,0,0,0,0,
2020,11,25,12,32,39,607,1606271559.607000,0,1,0,1,0,0,0,0,0,0,
2020,11,25,12,32,39,712,1606271559.712000,0,1,0,1,0,0,0,0,0,0,
2020,11,25,12,32,39,814,1606271559.814000,0,1,0,1,0,0,0,0,0,0,
2020,11,25,12,32,39,916,1606271559.916000,0,1,0,1,0,0,0,0,0,0,
2020,11,25,12,32,40,18,1606271560.018000,0,1,0,1,0,0,0,0,0,0,
2020,11,25,12,32,40,120,1606271560.120000,0,1,0,1,0,0,0,0,0,0,
2020,11,25,12,32,40,223,1606271560.223000,0,1,0,1,0,0,0,0,0,0,
2020,11,25,12,32,40,326,1606271560.326000,0,1,0,1,0,0,0,0,0,0,
2020,11,25,12,32,40,427,1606271560.427000,0,1,0,1,0,0,0,0,0,0,
2020,11,25,12,32,40,531,1606271560.531000,0,1,0,1,0,0,0,0,0,0,
2020,11,25,12,32,40,634,1606271560.634000,0,1,0,1,0,0,0,0,0,0,
2020,11,25,12,32,40,736,1606271560.736000,0,1,0,1,0,0,0,0,0,0,
2020,11,25,12,32,40,838,1606271560.838000,0,1,0,1,0,0,0,0,0,0,
2020,11,25,12,32,40,940,1606271560.940000,0,1,0,1,0,0,0,0,0,0,
2020,11,25,12,32,41,43,1606271561.043000,0,1,0,1,0,0,0,0,0,0,
2020,11,25,12,32,41,144,1606271561.144000,0,1,0,1,0,0,0,0,0,0,
2020,11,25,12,32,41,247,1606271561.247000,0,1,0,1,0,0,0,0,0,0,
2020,11,25,12,32,41,350,1606271561.350000,0,1,0,1,0,0,0,0,0,0,
2020,11,25,12,32,41,454,1606271561.454000,0,1,0,1,0,0,0,0,0,0,
2020,11,25,12,32,41,556,1606271561.556000,0,1,0,1,0,0,0,0,0,0,
2020,11,25,12,32,41,658,1606271561.658000,0,1,0,1,0,0,0,0,0,0,
2020,11,25,12,32,41,760,1606271561.760000,0,1,0,1,0,0,0,0,0,0,
2020,11,25,12,32,41,863,1606271561.863000,0,1,0,1,0,0,0,0,0,0,
2020,11,25,12,32,41,965,1606271561.965000,0,1,0,1,0,0,0,0,0,0,
2020,11,25,12,32,42,68,1606271562.068000,0,1,0,1,0,0,0,0,0,0,
2020,11,25,12,32,42,170,1606271562.170000,0,1,0,1,0,0,0,0,0,0,
2020,11,25,12,32,42,273,1606271562.273000,0,1,0,1,0,0,0,0,0,0,
2020,11,25,12,32,42,376,1606271562.376000,0,1,0,1,0,0,0,0,0,0,
2020,11,25,12,32,42,479,1606271562.479000,0,1,0,1,0,0,0,0,0,0,
2020,11,25,12,32,42,581,1606271562.581000,0,1,0,1,0,0,0,0,0,0,
2020,11,25,12,32,42,683,1606271562.683000,0,1,0,1,0,0,0,0,0,0,
2020,11,25,12,32,42,785,1606271562.785000,0,1,0,1,0,0,0,0,0,0,
2020,11,25,12,32,42,887,1606271562.887000,0,1,0,1,0,0,0,0,0,0,
2020,11,25,12,32,42,989,1606271562.989000,0,1,0,1,0,0,0,0,0,0,
2020,11,25,12,32,43,91,1606271563.091000,0,1,0,1,0,0,0,0,0,0,
2020,11,25,12,32,43,193,1606271563.193000,0,1,0,1,0,0,0,0,0,0,
2020,11,25,12,32,43,295,1606271563.295000,0,1,0,1,0,0,0,0,0,0,
2020,11,25,12,32,43,396,1606271563.396000,0,1,0,1,0,0,0,0,0,0,
2020,11,25,12,32,43,499,1606271563.499000,0,1,0,1,0,0,0,0,0,0,
2020,11,25,12,32,43,603,1606271563.603000,0,1,0,1,0,0,0,0,0,0,
2020,11,25,12,32,43,705,1606271563.705000,0,1,0,1,0,0,0,0,0,0,
2020,11,25,12,32,43,807,1606271563.807000,0,1,0,1,0,0,0,0,0,0,
2020,11,25,12,32,43,910,1606271563.910000,0,1,0,1,0,0,0,0,0,0,
2020,11,25,12,32,44,12,1606271564.012000,0,1,0,1,0,0,0,0,0,0,
2020,11,25,12,32,44,115,1606271564.115000,0,1,0,1,0,0,0,0,0,0,
2020,11,25,12,32,44,217,1606271564.217000,0,1,0,1,0,0,0,0,0,0,
2020,11,25,12,32,44,320,1606271564.320000,0,1,0,1,0,0,0,0,0,0,
2020,11,25,12,32,44,422,1606271564.422000,0,1,0,1,0,0,0,0,0,0,
2020,11,25,12,32,44,524,1606271564.524000,0,1,0,1,0,0,0,0,0,0,
2020,11,25,12,32,44,626,1606271564.626000,0,1,0,1,0,0,0,0,0,0,
2020,11,25,12,32,44,729,1606271564.729000,0,1,0,1,0,0,0,0,0,0,
2020,11,25,12,32,44,832,1606271564.832000,0,1,0,1,0,0,0,0,0,0,
2020,11,25,12,32,44,935,1606271564.935000,0,1,0,1,0,0,0,0,0,0,
2020,11,25,12,32,45,37,1606271565.037000,0,1,0,1,0,0,0,0,0,0,
2020,11,25,12,32,45,139,1606271565.139000,0,1,0,1,0,0,0,0,0,0,
2020,11,25,12,32,45,241,1606271565.241000,0,1,0,1,0,0,0,0,0,0,
2020,11,25,12,32,45,346,1606271565.346000,0,1,0,1,0,0,0,0,0,0,
2020,11,25,12,32,45,448,1606271565.448000,0,1,0,1,0,0,0,0,0,0,
2020,11,25,12,32,45,551,1606271565.551000,0,1,0,1,0,0,0,0,0,0,
2020,11,25,12,32,45,656,1606271565.656000,0,1,0,1,0,0,0,0,0,0,
2020,11,25,12,32,45,758,1606271565.758000,0,1,0,1,0,0,0,0,0,0,
2020,11,25,12,32,45,860,1606271565.860000,0,1,0,1,0,0,0,0,0,0,
2020,11,25,12,32,45,962,1606271565.962000,0,1,0,1,0,0,0,0,0,0,
2020,11,25,12,32,46,64,1606271566.064000,0,1,0,1,0,0,0,0,0,0,
2020,11,25,12,32,46,169,1606271566.169000,0,1,0,1,0,0,0,0,0,0,
2020,11,25,12,32,46,272,1606271566.272000,0,1,0,1,0,0,0,0,0,0,
2020,11,25,12,32,46,375,1606271566.375000,0,1,0,1,0,0,0,0,0,0,
2020,11,25,12,32,46,479,1606271566.479000,0,1,0,1,0,0,0,0,0,0,
2020,11,25,12,32,46,581,1606271566.581000,0,1,0,1,0,0,0,0,0,0,
2020,11,25,12,32,46,685,1606271566.685000,0,1,0,1,0,0,0,0,0,0,
2020,11,25,12,32,46,787,1606271566.787000,0,1,0,1,0,0,0,0,0,0,
2020,11,25,12,32,46,889,1606271566.889000,0,1,0,1,0,0,0,0,0,0,
2020,11,25,12,32,46,992,1606271566.992000,0,1,0,1,0,0,0,0,0,0,
2020,11,25,12,32,47,94,1606271567.094000,0,1,0,1,0,0,0,0,0,0,
2020,11,25,12,32,47,197,1606271567.197000,0,1,0,1,0,0,0,0,0,0,
2020,11,25,12,32,47,301,1606271567.301000,0,1,0,1,0,0,0,0,0,0,
2020,11,25,12,32,47,408,1606271567.408000,0,1,0,1,0,0,0,0,0,0,
2020,11,25,12,32,47,511,1606271567.511000,0,1,0,1,0,0,0,0,0,0,
2020,11,25,12,32,47,613,1606271567.613000,0,1,0,1,0,0,0,0,0,0,
2020,11,25,12,32,47,715,1606271567.715000,0,1,0,1,0,0,0,0,0,0,
2020,11,25,12,32,47,817,1606271567.817000,0,1,0,1,0,0,0,0,0,0,
2020,11,25,12,32,47,919,1606271567.919000,0,1,0,1,0,0,0,0,0,0,
2020,11,25,12,32,48,21,1606271568.021000,0,1,0,1,0,0,0,0,0,0,
2020,11,25,12,32,48,123,1606271568.123000,0,1,0,1,0,0,0,0,0,0,
2020,11,25,12,32,48,226,1606271568.226000,0,1,0,1,0,0,0,0,0,0,
2020,11,25,12,32,48,328,1606271568.328000,0,1,0,1,0,0,0,0,0,0,
2020,11,25,12,32,48,430,1606271568.430000,0,1,0,1,0,0,0,0,0,0,
2020,11,25,12,32,48,532,1606271568.532000,0,1,0,1,0,0,0,0,0,0,
2020,11,25,12,32,48,634,1606271568.634000,0,1,0,1,0,0,0,0,0,0,
2020,11,25,12,32,48,736,1606271568.736000,0,1,0,1,0,0,0,0,0,0,
2020,11,25,12,32,48,841,1606271568.841000,0,1,0,1,0,0,0,0,0,0,
2020,11,25,12,32,48,942,1606271568.942000,0,1,0,1,0,0,0,0,0,0,
2020,11,25,12,32,49,44,1606271569.044000,0,1,0,1,0,0,0,0,0,0,
2020,11,25,12,32,49,147,1606271569.147000,0,1,0,1,0,0,0,0,0,0,
2020,11,25,12,32,49,249,1606271569.249000,0,1,0,1,0,0,0,0,0,0,
2020,11,25,12,32,49,351,1606271569.351000,0,1,0,1,0,0,0,0,0,0,
2020,11,25,12,32,49,452,1606271569.452000,0,1,0,1,6,0,6,10,18,0,
2020,11,25,12,32,49,556,1606271569.556000,0,1,0,1,17,0,17,30,52,0,
2020,11,25,12,32,49,659,1606271569.659000,0,1,0,1,18,0,18,30,52,0,
2020,11,25,12,32,49,761,1606271569.761000,0,1,0,1,18,0,18,30,52,0,
2020,11,25,12,32,49,864,1606271569.864000,0,1,0,1,18,0,18,30,52,0,
2020,11,25,12,32,49,965,1606271569.965000,0,1,0,1,18,0,18,30,52,0,
2020,11,25,12,32,50,68,1606271570.068000,0,1,0,1,18,0,18,30,52,0,
2020,11,25,12,32,50,169,1606271570.169000,0,1,0,1,18,0,18,30,52,0,
2020,11,25,12,32,50,271,1606271570.271000,0,1,0,1,18,0,18,30,52,0,
2020,11,25,12,32,50,375,1606271570.375000,0,1,0,1,18,0,18,30,52,0,
2020,11,25,12,32,50,477,1606271570.477000,0,1,0,1,18,0,18,30,52,0,
2020,11,25,12,32,50,580,1606271570.580000,0,1,0,1,18,0,18,30,52,0,
2020,11,25,12,32,50,682,1606271570.682000,0,1,0,1,17,0,17,30,52,0,
2020,11,25,12,32,50,784,1606271570.784000,0,1,0,1,17,0,17,30,52,0,
2020,11,25,12,32,50,886,1606271570.886000,0,1,0,1,17,0,17,30,52,0,
2020,11,25,12,32,50,989,1606271570.989000,0,1,0,1,17,0,17,30,52,0,
2020,11,25,12,32,51,91,1606271571.091000,0,1,0,1,17,0,17,30,52,0,
2020,11,25,12,32,51,194,1606271571.194000,0,1,0,1,17,0,17,30,52,0,
2020,11,25,12,32,51,297,1606271571.297000,0,1,0,1,17,0,17,30,52,0,
2020,11,25,12,32,51,399,1606271571.399000,0,1,0,1,17,0,17,30,52,0,
2020,11,25,12,32,51,502,1606271571.502000,0,1,0,1,17,0,17,30,52,0,
2020,11,25,12,32,51,608,1606271571.608000,0,1,0,1,17,0,17,30,52,0,
2020,11,25,12,32,51,711,1606271571.711000,0,1,0,1,17,0,17,30,52,0,
2020,11,25,12,32,51,813,1606271571.813000,0,1,0,1,17,0,17,30,52,0,
2020,11,25,12,32,51,915,1606271571.915000,0,1,0,1,17,0,17,30,52,0,
2020,11,25,12,32,52,17,1606271572.017000,0,1,0,1,17,0,17,30,52,0,
2020,11,25,12,32,52,120,1606271572.120000,0,1,0,1,17,0,17,30,52,0,
2020,11,25,12,32,52,222,1606271572.222000,0,1,0,1,17,0,17,30,52,0,
2020,11,25,12,32,52,325,1606271572.325000,0,1,0,1,18,0,18,30,52,0,
2020,11,25,12,32,52,427,1606271572.427000,0,1,0,1,18,0,18,30,52,0,
2020,11,25,12,32,52,529,1606271572.529000,0,1,0,1,18,0,18,30,52,0,
2020,11,25,12,32,52,631,1606271572.631000,0,1,0,1,18,0,18,30,52,0,
2020,11,25,12,32,52,734,1606271572.734000,0,1,0,1,18,0,18,30,52,0,
2020,11,25,12,32,52,836,1606271572.836000,0,1,0,1,18,0,18,30,52,0,
2020,11,25,12,32,52,938,1606271572.938000,0,1,0,1,18,0,18,30,52,0,
2020,11,25,12,32,53,41,1606271573.041000,0,1,0,1,18,0,18,30,52,0,
2020,11,25,12,32,53,144,1606271573.144000,0,1,0,1,18,0,18,30,52,0,
2020,11,25,12,32,53,246,1606271573.246000,0,1,0,1,18,0,18,30,52,0,
2020,11,25,12,32,53,348,1606271573.348000,0,1,0,1,18,0,18,30,52,0,
2020,11,25,12,32,53,451,1606271573.451000,0,1,0,1,18,0,18,30,52,0,
2020,11,25,12,32,53,553,1606271573.553000,0,1,0,1,18,0,18,30,52,0,
2020,11,25,12,32,53,655,1606271573.655000,0,1,0,1,17,0,17,30,52,0,
2020,11,25,12,32,53,757,1606271573.757000,0,1,0,1,17,0,17,30,52,0,
2020,11,25,12,32,53,859,1606271573.859000,0,1,0,1,17,0,17,30,52,0,
2020,11,25,12,32,53,961,1606271573.961000,0,1,0,1,17,0,17,30,52,0,
2020,11,25,12,32,54,63,1606271574.063000,0,1,0,1,17,0,17,30,52,0,
2020,11,25,12,32,54,165,1606271574.165000,0,1,0,1,17,0,17,30,52,0,
2020,11,25,12,32,54,266,1606271574.266000,0,1,0,1,17,0,17,30,52,0,
2020,11,25,12,32,54,368,1606271574.368000,0,1,0,1,17,0,17,30,52,0,
2020,11,25,12,32,54,471,1606271574.471000,0,1,0,1,17,0,17,30,52,0,
2020,11,25,12,32,54,573,1606271574.573000,0,1,0,1,17,0,17,30,52,0,
2020,11,25,12,32,54,676,1606271574.676000,0,1,0,1,17,0,17,30,52,0,
2020,11,25,12,32,54,778,1606271574.778000,0,1,0,1,17,0,17,30,52,0,
2020,11,25,12,32,54,880,1606271574.880000,0,1,0,1,17,0,17,30,52,0,
2020,11,25,12,32,54,982,1606271574.982000,0,1,0,1,17,0,17,30,52,0,
2020,11,25,12,32,55,84,1606271575.084000,0,1,0,1,17,0,17,30,52,0,
2020,11,25,12,32,55,186,1606271575.186000,0,1,0,1,17,0,17,30,52,0,
2020,11,25,12,32,55,288,1606271575.288000,0,1,0,1,17,0,17,30,52,0,
2020,11,25,12,32,55,391,1606271575.391000,0,1,0,1,17,0,17,30,52,0,
2020,11,25,12,32,55,493,1606271575.493000,0,1,0,1,17,0,17,30,52,0,
2020,11,25,12,32,55,595,1606271575.595000,0,1,0,1,18,0,18,30,52,0,
2020,11,25,12,32,55,696,1606271575.696000,0,1,0,1,18,0,18,30,52,0,
2020,11,25,12,32,55,798,1606271575.798000,0,1,0,1,18,0,18,30,52,0,
2020,11,25,12,32,55,899,1606271575.899000,0,1,0,1,18,0,18,30,52,0,
2020,11,25,12,32,56,2,1606271576.002000,0,1,0,1,18,0,18,30,52,0,
2020,11,25,12,32,56,106,1606271576.106000,0,1,0,1,18,0,18,30,52,0,
2020,11,25,12,32,56,209,1606271576.209000,0,1,0,1,18,0,18,30,52,0,
2020,11,25,12,32,56,312,1606271576.312000,0,1,0,1,18,0,18,30,52,0,
2020,11,25,12,32,56,415,1606271576.415000,0,1,0,1,18,0,18,30,52,0,
2020,11,25,12,32,56,517,1606271576.517000,0,1,0,1,18,0,18,30,52,0,
2020,11,25,12,32,56,619,1606271576.619000,0,1,0,1,18,0,18,30,52,0,
2020,11,25,12,32,56,721,1606271576.721000,0,1,0,1,18,0,18,30,52,0,
2020,11,25,12,32,56,825,1606271576.825000,0,1,0,1,17,0,17,30,52,0,
2020,11,25,12,32,56,927,1606271576.927000,0,1,0,1,17,0,17,30,52,0,
2020,11,25,12,32,57,29,1606271577.029000,0,1,0,1,17,0,17,30,52,0,
2020,11,25,12,32,57,132,1606271577.132000,0,1,0,1,17,0,17,30,52,0,
2020,11,25,12,32,57,235,1606271577.235000,0,1,0,1,17,0,17,30,52,0,
2020,11,25,12,32,57,338,1606271577.338000,0,1,0,1,17,0,17,30,52,0,
2020,11,25,12,32,57,439,1606271577.439000,0,1,0,1,17,0,17,30,52,0,
2020,11,25,12,32,57,541,1606271577.541000,0,1,0,1,17,0,17,30,52,0,
2020,11,25,12,32,57,644,1606271577.644000,0,1,0,1,17,0,17,30,52,0,
2020,11,25,12,32,57,746,1606271577.746000,0,1,0,1,17,0,17,30,52,0,
2020,11,25,12,32,57,850,1606271577.850000,0,1,0,1,17,0,17,30,52,0,
2020,11,25,12,32,57,954,1606271577.954000,0,1,0,1,17,0,17,30,52,0,
2020,11,25,12,32,58,57,1606271578.057000,0,1,0,1,17,0,17,30,52,0,
2020,11,25,12,32,58,159,1606271578.159000,0,1,0,1,17,0,17,30,52,0,
2020,11,25,12,32,58,262,1606271578.262000,0,1,0,1,17,0,17,30,52,0,
2020,11,25,12,32,58,365,1606271578.365000,0,1,0,1,17,0,17,30,52,0,
2020,11,25,12,32,58,468,1606271578.468000,0,1,0,1,17,0,17,30,52,0,
2020,11,25,12,32,58,570,1606271578.570000,0,1,0,1,17,0,17,30,52,0,
2020,11,25,12,32,58,673,1606271578.673000,0,1,0,1,17,0,17,30,52,0,
2020,11,25,12,32,58,775,1606271578.775000,0,1,0,1,17,0,17,30,52,0,
2020,11,25,12,32,58,877,1606271578.877000,0,1,0,1,17,0,17,30,52,0,
2020,11,25,12,32,58,979,1606271578.979000,0,1,0,1,17,0,17,30,52,0,
2020,11,25,12,32,59,81,1606271579.081000,0,1,0,1,17,0,17,30,52,0,
2020,11,25,12,32,59,183,1606271579.183000,0,1,0,1,17,0,17,30,52,0,
2020,11,25,12,32,59,286,1606271579.286000,0,1,0,1,17,0,17,30,52,0,
2020,11,25,12,32,59,388,1606271579.388000,0,1,0,1,17,0,17,30,52,0,
2020,11,25,12,32,59,490,1606271579.490000,0,1,0,1,17,0,17,30,52,0,
2020,11,25,12,32,59,592,1606271579.592000,0,1,0,1,17,0,17,30,52,0,
2020,11,25,12,32,59,694,1606271579.694000,0,1,0,1,17,0,17,30,52,0,
2020,11,25,12,32,59,796,1606271579.796000,0,1,0,1,17,0,17,30,52,0,
2020,11,25,12,32,59,898,1606271579.898000,0,1,0,1,17,0,17,30,52,0,
2020,11,25,12,33,0,1,1606271580.001000,0,1,0,1,18,0,18,30,52,0,
2020,11,25,12,33,0,106,1606271580.106000,0,1,0,1,18,0,18,30,52,0,
2020,11,25,12,33,0,208,1606271580.208000,0,1,0,1,18,0,18,30,52,0,
2020,11,25,12,33,0,309,1606271580.309000,0,1,0,1,18,0,18,30,52,0,
2020,11,25,12,33,0,413,1606271580.413000,0,1,0,1,18,0,18,30,52,0,
2020,11,25,12,33,0,515,1606271580.515000,0,1,0,1,18,0,18,30,52,0,
2020,11,25,12,33,0,617,1606271580.617000,0,1,0,1,18,0,18,30,52,0,
2020,11,25,12,33,0,720,1606271580.720000,0,1,0,1,18,0,18,30,52,0,
2020,11,25,12,33,0,822,1606271580.822000,0,1,0,1,18,0,18,30,52,0,
2020,11,25,12,33,0,925,1606271580.925000,0,1,0,1,18,0,18,30,52,0,
2020,11,25,12,33,1,27,1606271581.027000,0,1,0,1,18,0,18,30,52,0,
2020,11,25,12,33,1,130,1606271581.130000,0,1,0,1,18,0,18,30,52,0,
2020,11,25,12,33,1,232,1606271581.232000,0,1,0,1,18,0,18,30,52,0,
2020,11,25,12,33,1,335,1606271581.335000,0,1,0,1,18,0,18,30,52,0,
2020,11,25,12,33,1,439,1606271581.439000,0,1,0,1,18,0,18,30,52,0,
2020,11,25,12,33,1,542,1606271581.542000,0,1,0,1,18,0,18,30,52,0,
2020,11,25,12,33,1,644,1606271581.644000,0,1,0,1,18,0,18,30,52,0,
2020,11,25,12,33,1,747,1606271581.747000,0,1,0,1,18,0,18,30,52,0,
2020,11,25,12,33,1,849,1606271581.849000,0,1,0,1,18,0,18,30,52,0,
2020,11,25,12,33,1,953,1606271581.953000,0,1,0,1,17,0,17,30,52,0,
2020,11,25,12,33,2,55,1606271582.055000,0,1,0,1,17,0,17,30,52,0,
2020,11,25,12,33,2,157,1606271582.157000,0,1,0,1,17,0,17,30,52,0,
2020,11,25,12,33,2,260,1606271582.260000,0,1,0,1,17,0,17,30,52,0,
2020,11,25,12,33,2,362,1606271582.362000,0,1,0,1,17,0,17,30,52,0,
2020,11,25,12,33,2,466,1606271582.466000,0,1,0,1,17,0,17,30,52,0,
2020,11,25,12,33,2,569,1606271582.569000,0,1,0,1,17,0,17,30,52,0,
2020,11,25,12,33,2,671,1606271582.671000,0,1,0,1,17,0,17,30,52,0,
2020,11,25,12,33,2,773,1606271582.773000,0,1,0,1,17,0,17,30,52,0,
2020,11,25,12,33,2,876,1606271582.876000,0,1,0,1,17,0,17,30,52,0,
2020,11,25,12,33,2,978,1606271582.978000,0,1,0,1,17,0,17,30,52,0,
2020,11,25,12,33,3,80,1606271583.080000,0,1,0,1,17,0,17,30,52,0,
2020,11,25,12,33,3,183,1606271583.183000,0,1,0,1,17,0,17,30,52,0,
2020,11,25,12,33,3,286,1606271583.286000,0,1,0,1,17,0,17,30,52,0,
2020,11,25,12,33,3,389,1606271583.389000,0,1,0,1,17,0,17,30,52,0,
2020,11,25,12,33,3,491,1606271583.491000,0,1,0,1,17,0,17,30,52,0,
2020,11,25,12,33,3,593,1606271583.593000,0,1,0,1,18,0,18,30,52,0,
2020,11,25,12,33,3,697,1606271583.697000,0,1,0,1,18,0,18,30,52,0,
2020,11,25,12,33,3,800,1606271583.800000,0,1,0,1,18,0,18,30,52,0,
2020,11,25,12,33,3,907,1606271583.907000,0,1,0,1,18,0,18,30,52,0,
2020,11,25,12,33,4,11,1606271584.011000,0,1,0,1,18,0,18,30,52,0,
2020,11,25,12,33,4,113,1606271584.113000,0,1,0,1,18,0,18,30,52,0,
2020,11,25,12,33,4,215,1606271584.215000,0,1,0,1,18,0,18,30,52,0,
2020,11,25,12,33,4,317,1606271584.317000,0,1,0,1,18,0,18,30,52,0,
2020,11,25,12,33,4,419,1606271584.419000,0,1,0,1,18,0,18,30,52,0,
2020,11,25,12,33,4,521,1606271584.521000,0,1,0,1,18,0,18,30,52,0,
2020,11,25,12,33,4,623,1606271584.623000,0,1,0,1,18,0,18,30,52,0,
2020,11,25,12,33,4,725,1606271584.725000,0,1,0,1,18,0,18,30,52,0,
2020,11,25,12,33,4,827,1606271584.827000,0,1,0,1,18,0,18,30,52,0,
2020,11,25,12,33,4,930,1606271584.930000,0,1,0,1,17,0,17,30,52,0,
2020,11,25,12,33,5,33,1606271585.033000,0,1,0,1,17,0,17,30,52,0,
2020,11,25,12,33,5,135,1606271585.135000,0,1,0,1,17,0,17,30,52,0,
2020,11,25,12,33,5,237,1606271585.237000,0,1,0,1,17,0,17,30,52,0,
2020,11,25,12,33,5,341,1606271585.341000,0,1,0,1,17,0,17,30,52,0,
2020,11,25,12,33,5,443,1606271585.443000,0,1,0,1,17,0,17,30,52,0,
2020,11,25,12,33,5,545,1606271585.545000,0,1,0,1,17,0,17,30,52,0,
2020,11,25,12,33,5,648,1606271585.648000,0,1,0,1,17,0,17,30,52,0,
2020,11,25,12,33,5,751,1606271585.751000,0,1,0,1,17,0,17,30,52,0,
2020,11,25,12,33,5,855,1606271585.855000,0,1,0,1,17,0,17,30,52,0,
2020,11,25,12,33,5,958,1606271585.958000,0,1,0,1,17,0,17,30,52,0,
2020,11,25,12,33,6,61,1606271586.061000,0,1,0,1,17,0,17,30,52,0,
2020,11,25,12,33,6,162,1606271586.162000,0,1,0,1,17,0,17,30,52,0,
2020,11,25,12,33,6,265,1606271586.265000,0,1,0,1,17,0,17,30,52,0,
2020,11,25,12,33,6,368,1606271586.368000,0,1,0,1,17,0,17,30,52,0,
2020,11,25,12,33,6,470,1606271586.470000,0,1,0,1,17,0,17,30,52,0,
2020,11,25,12,33,6,573,1606271586.573000,0,1,0,1,17,0,17,30,52,0,
2020,11,25,12,33,6,675,1606271586.675000,0,1,0,1,17,0,17,30,52,0,
2020,11,25,12,33,6,777,1606271586.777000,0,1,0,1,17,0,17,30,52,0,
2020,11,25,12,33,6,880,1606271586.880000,0,1,0,1,17,0,17,30,52,0,
2020,11,25,12,33,6,982,1606271586.982000,0,1,0,1,17,0,17,30,52,0,
2020,11,25,12,33,7,84,1606271587.084000,0,1,0,1,18,0,18,30,52,0,
2020,11,25,12,33,7,187,1606271587.187000,0,1,0,1,18,0,18,30,52,0,
2020,11,25,12,33,7,289,1606271587.289000,0,1,0,1,18,0,18,30,52,0,
2020,11,25,12,33,7,392,1606271587.392000,0,1,0,1,18,0,18,30,52,0,
2020,11,25,12,33,7,494,1606271587.494000,0,1,0,1,18,0,18,30,52,0,
2020,11,25,12,33,7,596,1606271587.596000,0,1,0,1,21,0,21,36,51,0,
2020,11,25,12,33,7,699,1606271587.699000,0,1,0,1,21,0,21,36,51,0,
2020,11,25,12,33,7,807,1606271587.807000,0,1,0,1,22,0,22,36,51,0,
2020,11,25,12,33,7,909,1606271587.909000,0,1,0,1,22,0,22,37,52,0,
2020,11,25,12,33,8,12,1606271588.012000,0,1,0,1,22,0,22,37,52,0,
2020,11,25,12,33,8,115,1606271588.115000,0,1,0,1,22,0,22,37,52,0,
2020,11,25,12,33,8,219,1606271588.219000,0,1,0,1,21,0,21,35,49,0,
2020,11,25,12,33,8,322,1606271588.322000,0,1,0,1,21,0,21,35,49,0,
2020,11,25,12,33,8,424,1606271588.424000,0,1,0,1,21,0,21,35,49,0,
2020,11,25,12,33,8,527,1606271588.527000,0,1,0,1,21,0,21,35,49,0,
2020,11,25,12,33,8,628,1606271588.628000,0,1,0,1,20,0,20,34,48,0,
2020,11,25,12,33,8,730,1606271588.730000,0,1,0,1,19,0,19,33,45,0,
2020,11,25,12,33,8,832,1606271588.832000,0,1,0,1,19,0,19,31,44,0,
2020,11,25,12,33,8,934,1606271588.934000,0,1,0,1,14,0,14,24,33,0,
2020,11,25,12,33,9,35,1606271589.035000,0,1,0,1,13,0,13,22,30,0,
2020,11,25,12,33,9,137,1606271589.137000,0,1,0,1,12,0,12,19,26,0,
2020,11,25,12,33,9,240,1606271589.240000,0,1,0,1,12,0,12,19,26,0,
2020,11,25,12,33,9,342,1606271589.342000,0,1,0,1,11,0,11,19,26,0,
2020,11,25,12,33,9,444,1606271589.444000,0,1,0,1,7,0,7,12,16,0,
2020,11,25,12,33,9,546,1606271589.546000,0,1,0,1,5,0,5,8,10,0,
2020,11,25,12,33,9,649,1606271589.649000,0,1,0,1,1,0,1,1,1,0,
2020,11,25,12,33,9,753,1606271589.753000,0,1,0,1,1,0,1,1,1,0,
2020,11,25,12,33,9,856,1606271589.856000,0,1,0,1,1,0,1,1,0,0,
2020,11,25,12,33,9,958,1606271589.958000,0,1,0,1,0,0,0,0,0,0,
2020,11,25,12,33,10,60,1606271590.060000,0,1,0,1,0,0,0,0,0,0,
2020,11,25,12,33,10,161,1606271590.161000,0,1,0,1,0,0,0,0,0,0,
2020,11,25,12,33,10,263,1606271590.263000,0,1,0,1,0,0,0,0,0,0,
2020,11,25,12,33,10,366,1606271590.366000,0,1,0,1,0,0,0,0,0,0,
2020,11,25,12,33,10,468,1606271590.468000,0,1,0,1,0,0,0,0,0,0,
2020,11,25,12,33,10,570,1606271590.570000,0,1,0,1,0,0,0,0,0,0,
2020,11,25,12,33,10,674,1606271590.674000,0,1,0,1,0,0,0,0,0,0,
2020,11,25,12,33,10,776,1606271590.776000,0,1,0,1,0,0,0,0,0,0,
2020,11,25,12,33,10,878,1606271590.878000,0,1,0,1,0,0,0,0,0,0,
2020,11,25,12,33,10,980,1606271590.980000,0,1,0,1,0,0,0,0,0,0,
2020,11,25,12,33,11,84,1606271591.084000,0,1,0,1,0,0,0,0,0,0,
2020,11,25,12,33,11,185,1606271591.185000,0,1,0,1,0,0,0,0,0,0,
2020,11,25,12,33,11,287,1606271591.287000,0,1,0,1,0,0,0,0,0,0,
2020,11,25,12,33,11,389,1606271591.389000,0,1,0,1,0,0,0,0,0,0,
2020,11,25,12,33,11,491,1606271591.491000,0,1,0,1,0,0,0,0,0,0,
2020,11,25,12,33,11,594,1606271591.594000,0,1,0,1,0,0,0,0,0,0,
2020,11,25,12,33,11,697,1606271591.697000,0,1,0,1,0,0,0,0,0,0,
2020,11,25,12,33,11,799,1606271591.799000,0,1,0,1,0,0,0,0,0,0,
2020,11,25,12,33,11,901,1606271591.901000,0,1,0,1,0,0,0,0,0,0,
2020,11,25,12,33,12,4,1606271592.004000,0,1,0,1,0,0,0,0,0,0,
2020,11,25,12,33,12,107,1606271592.107000,0,1,0,1,0,0,0,0,0,0,
2020,11,25,12,33,12,208,1606271592.208000,0,1,0,1,0,0,0,0,0,0,
2020,11,25,12,33,12,311,1606271592.311000,0,1,0,1,0,0,0,0,0,0,
2020,11,25,12,33,12,413,1606271592.413000,0,1,0,1,0,0,0,0,0,0,
2020,11,25,12,33,12,516,1606271592.516000,0,1,0,1,0,0,0,0,0,0,
2020,11,25,12,33,12,618,1606271592.618000,0,1,0,1,0,0,0,0,0,0,
2020,11,25,12,33,12,719,1606271592.719000,0,1,0,1,8,0,8,14,25,0,
2020,11,25,12,33,12,821,1606271592.821000,0,1,0,1,16,0,16,28,49,0,
2020,11,25,12,33,12,923,1606271592.923000,0,1,0,1,17,0,17,30,52,0,
2020,11,25,12,33,13,25,1606271593.025000,0,1,0,1,18,0,18,30,52,0,
2020,11,25,12,33,13,128,1606271593.128000,0,1,0,1,18,0,18,30,52,0,
2020,11,25,12,33,13,230,1606271593.230000,0,1,0,1,18,0,18,30,52,0,
2020,11,25,12,33,13,332,1606271593.332000,0,1,0,1,18,0,18,30,52,0,
2020,11,25,12,33,13,434,1606271593.434000,0,1,0,1,18,0,18,30,52,0,
2020,11,25,12,33,13,536,1606271593.536000,0,1,0,1,18,0,18,30,52,0,
2020,11,25,12,33,13,638,1606271593.638000,0,1,0,1,18,0,18,30,52,0,
2020,11,25,12,33,13,740,1606271593.740000,0,1,0,1,18,0,18,30,52,0,
2020,11,25,12,33,13,842,1606271593.842000,0,1,0,1,18,0,18,30,52,0,
2020,11,25,12,33,13,944,1606271593.944000,0,1,0,1,18,0,18,30,52,0,
2020,11,25,12,33,14,47,1606271594.047000,0,1,0,1,18,0,18,30,52,0,
2020,11,25,12,33,14,151,1606271594.151000,0,1,0,1,18,0,18,30,52,0,
2020,11,25,12,33,14,253,1606271594.253000,0,1,0,1,18,0,18,30,52,0,
2020,11,25,12,33,14,355,1606271594.355000,0,1,0,1,17,0,17,30,52,0,
2020,11,25,12,33,14,457,1606271594.457000,0,1,0,1,17,0,17,30,52,0,
2020,11,25,12,33,14,559,1606271594.559000,0,1,0,1,17,0,17,30,52,0,
2020,11,25,12,33,14,661,1606271594.661000,0,1,0,1,17,0,17,30,52,0,
2020,11,25,12,33,14,763,1606271594.763000,0,1,0,1,17,0,17,30,52,0,
2020,11,25,12,33,14,865,1606271594.865000,0,1,0,1,17,0,17,30,52,0,
2020,11,25,12,33,14,968,1606271594.968000,0,1,0,1,17,0,17,30,52,0,
2020,11,25,12,33,15,71,1606271595.071000,0,1,0,1,17,0,17,30,52,0,
2020,11,25,12,33,15,173,1606271595.173000,0,1,0,1,17,0,17,30,52,0,
2020,11,25,12,33,15,276,1606271595.276000,0,1,0,1,17,0,17,30,52,0,
2020,11,25,12,33,15,378,1606271595.378000,0,1,0,1,17,0,17,30,52,0,
2020,11,25,12,33,15,481,1606271595.481000,0,1,0,1,17,0,17,30,52,0,
2020,11,25,12,33,15,584,1606271595.584000,0,1,0,1,17,0,17,30,52,0,
2020,11,25,12,33,15,687,1606271595.687000,0,1,0,1,17,0,17,30,52,0,
2020,11,25,12,33,15,789,1606271595.789000,0,1,0,1,17,0,17,30,52,0,
2020,11,25,12,33,15,891,1606271595.891000,0,1,0,1,17,0,17,30,52,0,
2020,11,25,12,33,15,993,1606271595.993000,0,1,0,1,17,0,17,30,52,0,
2020,11,25,12,33,16,96,1606271596.096000,0,1,0,1,17,0,17,30,52,0,
2020,11,25,12,33,16,200,1606271596.200000,0,1,0,1,17,0,17,30,52,0,
2020,11,25,12,33,16,304,1606271596.304000,0,1,0,1,17,0,17,30,52,0,
2020,11,25,12,33,16,405,1606271596.405000,0,1,0,1,17,0,17,30,52,0,
2020,11,25,12,33,16,508,1606271596.508000,0,1,0,1,17,0,17,30,52,0,
2020,11,25,12,33,16,610,1606271596.610000,0,1,0,1,18,0,18,30,52,0,
2020,11,25,12,33,16,712,1606271596.712000,0,1,0,1,18,0,18,30,52,0,
2020,11,25,12,33,16,815,1606271596.815000,0,1,0,1,18,0,18,30,52,0,
2020,11,25,12,33,16,918,1606271596.918000,0,1,0,1,18,0,18,30,52,0,
2020,11,25,12,33,17,19,1606271597.019000,0,1,0,1,18,0,18,30,52,0,
2020,11,25,12,33,17,121,1606271597.121000,0,1,0,1,18,0,18,30,52,0,
2020,11,25,12,33,17,223,1606271597.223000,0,1,0,1,18,0,18,30,52,0,
2020,11,25,12,33,17,325,1606271597.325000,0,1,0,1,18,0,18,30,52,0,
2020,11,25,12,33,17,427,1606271597.427000,0,1,0,1,18,0,18,30,52,0,
2020,11,25,12,33,17,529,1606271597.529000,0,1,0,1,18,0,18,30,52,0,
2020,11,25,12,33,17,631,1606271597.631000,0,1,0,1,18,0,18,30,52,0,
2020,11,25,12,33,17,733,1606271597.733000,0,1,0,1,18,0,18,30,52,0,
2020,11,25,12,33,17,836,1606271597.836000,0,1,0,1,17,0,17,30,52,0,
2020,11,25,12,33,17,938,1606271597.938000,0,1,0,1,17,0,17,30,52,0,
2020,11,25,12,33,18,39,1606271598.039000,0,1,0,1,17,0,17,30,52,0,
2020,11,25,12,33,18,142,1606271598.142000,0,1,0,1,17,0,17,30,52,0,
2020,11,25,12,33,18,245,1606271598.245000,0,1,0,1,17,0,17,30,52,0,
2020,11,25,12,33,18,348,1606271598.348000,0,1,0,1,17,0,17,30,52,0,
2020,11,25,12,33,18,450,1606271598.450000,0,1,0,1,17,0,17,30,52,0,
2020,11,25,12,33,18,555,1606271598.555000,0,1,0,1,17,0,17,30,52,0,
2020,11,25,12,33,18,657,1606271598.657000,0,1,0,1,17,0,17,30,52,0,
2020,11,25,12,33,18,759,1606271598.759000,0,1,0,1,17,0,17,30,52,0,
2020,11,25,12,33,18,861,1606271598.861000,0,1,0,1,17,0,17,30,52,0,
2020,11,25,12,33,18,963,1606271598.963000,0,1,0,1,17,0,17,30,52,0,
2020,11,25,12,33,19,65,1606271599.065000,0,1,0,1,17,0,17,30,52,0,
2020,11,25,12,33,19,167,1606271599.167000,0,1,0,1,17,0,17,30,52,0,
2020,11,25,12,33,19,269,1606271599.269000,0,1,0,1,17,0,17,30,52,0,
2020,11,25,12,33,19,371,1606271599.371000,0,1,0,1,17,0,17,30,52,0,
2020,11,25,12,33,19,473,1606271599.473000,0,1,0,1,17,0,17,30,52,0,
2020,11,25,12,33,19,575,1606271599.575000,0,1,0,1,17,0,17,30,52,0,
2020,11,25,12,33,19,676,1606271599.676000,0,1,0,1,18,0,18,30,52,0,
2020,11,25,12,33,19,778,1606271599.778000,0,1,0,1,18,0,18,30,52,0,
2020,11,25,12,33,19,879,1606271599.879000,0,1,0,1,18,0,18,30,52,0,
2020,11,25,12,33,19,982,1606271599.982000,0,1,0,1,18,0,18,30,52,0,
2020,11,25,12,33,20,84,1606271600.084000,0,1,0,1,18,0,18,30,52,0,
2020,11,25,12,33,20,186,1606271600.186000,0,1,0,1,18,0,18,30,52,0,
2020,11,25,12,33,20,288,1606271600.288000,0,1,0,1,18,0,18,30,52,0,
2020,11,25,12,33,20,390,1606271600.390000,0,1,0,1,18,0,18,30,52,0,
2020,11,25,12,33,20,492,1606271600.492000,0,1,0,1,18,0,18,30,52,0,
2020,11,25,12,33,20,594,1606271600.594000,0,1,0,1,18,0,18,30,52,0,
2020,11,25,12,33,20,696,1606271600.696000,0,1,0,1,18,0,18,30,52,0,
2020,11,25,12,33,20,799,1606271600.799000,0,1,0,1,18,0,18,30,52,0,
2020,11,25,12,33,20,902,1606271600.902000,0,1,0,1,17,0,17,30,52,0,
2020,11,25,12,33,21,9,1606271601.009000,0,1,0,1,17,0,17,30,52,0,
2020,11,25,12,33,21,111,1606271601.111000,0,1,0,1,17,0,17,30,52,0,
2020,11,25,12,33,21,214,1606271601.214000,0,1,0,1,17,0,17,30,52,0,
2020,11,25,12,33,21,317,1606271601.317000,0,1,0,1,17,0,17,30,52,0,
2020,11,25,12,33,21,420,1606271601.420000,0,1,0,1,17,0,17,30,52,0,
2020,11,25,12,33,21,522,1606271601.522000,0,1,0,1,17,0,17,30,52,0,
2020,11,25,12,33,21,624,1606271601.624000,0,1,0,1,17,0,17,30,52,0,
2020,11,25,12,33,21,728,1606271601.728000,0,1,0,1,17,0,17,30,52,0,
2020,11,25,12,33,21,829,1606271601.829000,0,1,0,1,17,0,17,30,52,0,
2020,11,25,12,33,21,932,1606271601.932000,0,1,0,1,17,0,17,30,52,0,
2020,11,25,12,33,22,34,1606271602.034000,0,1,0,1,17,0,17,30,52,0,
2020,11,25,12,33,22,136,1606271602.136000,0,1,0,1,17,0,17,30,52,0,
2020,11,25,12,33,22,238,1606271602.238000,0,1,0,1,17,0,17,30,52,0,
2020,11,25,12,33,22,342,1606271602.342000,0,1,0,1,17,0,17,30,52,0,
2020,11,25,12,33,22,445,1606271602.445000,0,1,0,1,17,0,17,30,52,0,
2020,11,25,12,33,22,547,1606271602.547000,0,1,0,1,17,0,17,30,52,0,
2020,11,25,12,33,22,649,1606271602.649000,0,1,0,1,18,0,18,30,52,0,
2020,11,25,12,33,22,751,1606271602.751000,0,1,0,1,18,0,18,30,52,0,
2020,11,25,12,33,22,856,1606271602.856000,0,1,0,1,18,0,18,30,52,0,
2020,11,25,12,33,22,957,1606271602.957000,0,1,0,1,18,0,18,30,52,0,
2020,11,25,12,33,23,60,1606271603.060000,0,1,0,1,18,0,18,30,52,0,
2020,11,25,12,33,23,162,1606271603.162000,0,1,0,1,18,0,18,30,52,0,
2020,11,25,12,33,23,265,1606271603.265000,0,1,0,1,18,0,18,30,52,0,
2020,11,25,12,33,23,368,1606271603.368000,0,1,0,1,18,0,18,30,52,0,
2020,11,25,12,33,23,470,1606271603.470000,0,1,0,1,18,0,18,30,52,0,
2020,11,25,12,33,23,573,1606271603.573000,0,1,0,1,18,0,18,30,52,0,
2020,11,25,12,33,23,674,1606271603.674000,0,1,0,1,18,0,18,30,52,0,
2020,11,25,12,33,23,776,1606271603.776000,0,1,0,1,18,0,18,30,52,0,
2020,11,25,12,33,23,878,1606271603.878000,0,1,0,1,18,0,18,30,52,0,
2020,11,25,12,33,23,980,1606271603.980000,0,1,0,1,18,0,18,30,52,0,
2020,11,25,12,33,24,82,1606271604.082000,0,1,0,1,18,0,18,30,52,0,
2020,11,25,12,33,24,184,1606271604.184000,0,1,0,1,17,0,17,30,52,0,
2020,11,25,12,33,24,288,1606271604.288000,0,1,0,1,17,0,17,30,52,0,
2020,11,25,12,33,24,390,1606271604.390000,0,1,0,1,17,0,17,30,52,0,
2020,11,25,12,33,24,494,1606271604.494000,0,1,0,1,17,0,17,30,52,0,
2020,11,25,12,33,24,596,1606271604.596000,0,1,0,1,17,0,17,30,52,0,
2020,11,25,12,33,24,698,1606271604.698000,0,1,0,1,17,0,17,30,52,0,
2020,11,25,12,33,24,800,1606271604.800000,0,1,0,1,17,0,17,30,52,0,
2020,11,25,12,33,24,903,1606271604.903000,0,1,0,1,17,0,17,30,52,0,
2020,11,25,12,33,25,6,1606271605.006000,0,1,0,1,17,0,17,30,52,0,
2020,11,25,12,33,25,109,1606271605.109000,0,1,0,1,17,0,17,30,52,0,
2020,11,25,12,33,25,211,1606271605.211000,0,1,0,1,17,0,17,30,52,0,
2020,11,25,12,33,25,313,1606271605.313000,0,1,0,1,17,0,17,30,52,0,
2020,11,25,12,33,25,417,1606271605.417000,0,1,0,1,17,0,17,30,52,0,
2020,11,25,12,33,25,518,1606271605.518000,0,1,0,1,17,0,17,30,52,0,
2020,11,25,12,33,25,620,1606271605.620000,0,1,0,1,17,0,17,30,52,0,
2020,11,25,12,33,25,722,1606271605.722000,0,1,0,1,17,0,17,30,52,0,
2020,11,25,12,33,25,826,1606271605.826000,0,1,0,1,17,0,17,30,52,0,
2020,11,25,12,33,25,928,1606271605.928000,0,1,0,1,17,0,17,30,52,0,
2020,11,25,12,33,26,30,1606271606.030000,0,1,0,1,18,0,18,30,52,0,
2020,11,25,12,33,26,132,1606271606.132000,0,1,0,1,18,0,18,30,52,0,
2020,11,25,12,33,26,234,1606271606.234000,0,1,0,1,18,0,18,30,52,0,
2020,11,25,12,33,26,336,1606271606.336000,0,1,0,1,18,0,18,30,52,0,
2020,11,25,12,33,26,438,1606271606.438000,0,1,0,1,18,0,18,30,52,0,
2020,11,25,12,33,26,540,1606271606.540000,0,1,0,1,18,0,18,30,52,0,
2020,11,25,12,33,26,644,1606271606.644000,0,1,0,1,18,0,18,30,52,0,
2020,11,25,12,33,26,746,1606271606.746000,0,1,0,1,18,0,18,30,52,0,
2020,11,25,12,33,26,847,1606271606.847000,0,1,0,1,18,0,18,30,52,0,
2020,11,25,12,33,26,949,1606271606.949000,0,1,0,1,18,0,18,30,52,0,
2020,11,25,12,33,27,54,1606271607.054000,0,1,0,1,17,0,17,30,52,0,
2020,11,25,12,33,27,156,1606271607.156000,0,1,0,1,17,0,17,30,52,0,
2020,11,25,12,33,27,259,1606271607.259000,0,1,0,1,17,0,17,30,52,0,
2020,11,25,12,33,27,363,1606271607.363000,0,1,0,1,17,0,17,30,52,0,
2020,11,25,12,33,27,465,1606271607.465000,0,1,0,1,17,0,17,30,52,0,
2020,11,25,12,33,27,568,1606271607.568000,0,1,0,1,17,0,17,30,52,0,
2020,11,25,12,33,27,672,1606271607.672000,0,1,0,1,17,0,17,30,52,0,
2020,11,25,12,33,27,774,1606271607.774000,0,1,0,1,17,0,17,30,52,0,
2020,11,25,12,33,27,876,1606271607.876000,0,1,0,1,17,0,17,30,52,0,
2020,11,25,12,33,27,978,1606271607.978000,0,1,0,1,17,0,17,30,52,0,
2020,11,25,12,33,28,81,1606271608.081000,0,1,0,1,17,0,17,30,52,0,
2020,11,25,12,33,28,183,1606271608.183000,0,1,0,1,17,0,17,30,52,0,
2020,11,25,12,33,28,290,1606271608.290000,0,1,0,1,17,0,17,30,52,0,
2020,11,25,12,33,28,393,1606271608.393000,0,1,0,1,17,0,17,30,52,0,
2020,11,25,12,33,28,495,1606271608.495000,0,1,0,1,17,0,17,30,52,0,
2020,11,25,12,33,28,598,1606271608.598000,0,1,0,1,17,0,17,30,52,0,
2020,11,25,12,33,28,700,1606271608.700000,0,1,0,1,17,0,17,30,52,0,
2020,11,25,12,33,28,807,1606271608.807000,0,1,0,1,17,0,17,30,52,0,
2020,11,25,12,33,28,910,1606271608.910000,0,1,0,1,17,0,17,30,52,0,
2020,11,25,12,33,29,12,1606271609.012000,0,1,0,1,18,0,18,30,52,0,
2020,11,25,12,33,29,115,1606271609.115000,0,1,0,1,18,0,18,30,52,0,
2020,11,25,12,33,29,219,1606271609.219000,0,1,0,1,18,0,18,30,52,0,
2020,11,25,12,33,29,321,1606271609.321000,0,1,0,1,18,0,18,30,52,0,
2020,11,25,12,33,29,422,1606271609.422000,0,1,0,1,18,0,18,30,52,0,
2020,11,25,12,33,29,525,1606271609.525000,0,1,0,1,18,0,18,30,52,0,
2020,11,25,12,33,29,627,1606271609.627000,0,1,0,1,18,0,18,30,52,0,
2020,11,25,12,33,29,732,1606271609.732000,0,1,0,1,18,0,18,30,52,0,
2020,11,25,12,33,29,834,1606271609.834000,0,1,0,1,18,0,18,30,52,0,
2020,11,25,12,33,29,935,1606271609.935000,0,1,0,1,18,0,18,30,52,0,
2020,11,25,12,33,30,38,1606271610.038000,0,1,0,1,18,0,18,30,52,0,
2020,11,25,12,33,30,140,1606271610.140000,0,1,0,1,17,0,17,30,52,0,
2020,11,25,12,33,30,242,1606271610.242000,0,1,0,1,17,0,17,30,52,0,
2020,11,25,12,33,30,344,1606271610.344000,0,1,0,1,17,0,17,30,52,0,
2020,11,25,12,33,30,446,1606271610.446000,0,1,0,1,17,0,17,30,52,0,
2020,11,25,12,33,30,548,1606271610.548000,0,1,0,1,17,0,17,30,52,0,
2020,11,25,12,33,30,651,1606271610.651000,0,1,0,1,17,0,17,30,52,0,
2020,11,25,12,33,30,754,1606271610.754000,0,1,0,1,17,0,17,30,52,0,
2020,11,25,12,33,30,856,1606271610.856000,0,1,0,1,17,0,17,30,52,0,
2020,11,25,12,33,30,957,1606271610.957000,0,1,0,1,17,0,17,30,52,0,
2020,11,25,12,33,31,59,1606271611.059000,0,1,0,1,17,0,17,30,52,0,
2020,11,25,12,33,31,162,1606271611.162000,0,1,0,1,17,0,17,30,52,0,
2020,11,25,12,33,31,263,1606271611.263000,0,1,0,1,17,0,17,30,52,0,
2020,11,25,12,33,31,365,1606271611.365000,0,1,0,1,17,0,17,30,52,0,
2020,11,25,12,33,31,467,1606271611.467000,0,1,0,1,17,0,17,30,52,0,
2020,11,25,12,33,31,570,1606271611.570000,0,1,0,1,17,0,17,30,52,0,
2020,11,25,12,33,31,672,1606271611.672000,0,1,0,1,17,0,17,30,52,0,
2020,11,25,12,33,31,774,1606271611.774000,0,1,0,1,18,0,18,30,52,0,
2020,11,25,12,33,31,876,1606271611.876000,0,1,0,1,18,0,18,30,52,0,
2020,11,25,12,33,31,978,1606271611.978000,0,1,0,1,18,0,18,30,52,0,
2020,11,25,12,33,32,80,1606271612.080000,0,1,0,1,18,0,18,30,52,0,
2020,11,25,12,33,32,183,1606271612.183000,0,1,0,1,18,0,18,30,52,0,
2020,11,25,12,33,32,286,1606271612.286000,0,1,0,1,18,0,18,30,52,0,
2020,11,25,12,33,32,388,1606271612.388000,0,1,0,1,18,0,18,30,52,0,
2020,11,25,12,33,32,490,1606271612.490000,0,1,0,1,18,0,18,30,52,0,
2020,11,25,12,33,32,592,1606271612.592000,0,1,0,1,18,0,18,30,52,0,
2020,11,25,12,33,32,694,1606271612.694000,0,1,0,1,18,0,18,30,52,0,
2020,11,25,12,33,32,798,1606271612.798000,0,1,0,1,18,0,18,30,52,0,
2020,11,25,12,33,32,901,1606271612.901000,0,1,0,1,18,0,18,30,52,0,
2020,11,25,12,33,33,3,1606271613.003000,0,1,0,1,17,0,17,30,52,0,
2020,11,25,12,33,33,106,1606271613.106000,0,1,0,1,17,0,17,30,52,0,
2020,11,25,12,33,33,208,1606271613.208000,0,1,0,1,17,0,17,30,52,0,
2020,11,25,12,33,33,310,1606271613.310000,0,1,0,1,17,0,17,30,52,0,
2020,11,25,12,33,33,412,1606271613.412000,0,1,0,1,17,0,17,30,52,0,
2020,11,25,12,33,33,514,1606271613.514000,0,1,0,1,17,0,17,30,52,0,
2020,11,25,12,33,33,616,1606271613.616000,0,1,0,1,17,0,17,30,52,0,
2020,11,25,12,33,33,718,1606271613.718000,0,1,0,1,17,0,17,30,52,0,
2020,11,25,12,33,33,820,1606271613.820000,0,1,0,1,17,0,17,30,52,0,
2020,11,25,12,33,33,922,1606271613.922000,0,1,0,1,17,0,17,30,52,0,
2020,11,25,12,33,34,24,1606271614.024000,0,1,0,1,17,0,17,30,52,0,
2020,11,25,12,33,34,127,1606271614.127000,0,1,0,1,17,0,17,30,52,0,
2020,11,25,12,33,34,228,1606271614.228000,0,1,0,1,17,0,17,30,52,0,
2020,11,25,12,33,34,330,1606271614.330000,0,1,0,1,17,0,17,30,52,0,
2020,11,25,12,33,34,432,1606271614.432000,0,1,0,1,17,0,17,30,52,0,
2020,11,25,12,33,34,534,1606271614.534000,0,1,0,1,17,0,17,30,52,0,
2020,11,25,12,33,34,636,1606271614.636000,0,1,0,1,17,0,17,30,52,0,
2020,11,25,12,33,34,738,1606271614.738000,0,1,0,1,17,0,17,30,52,0,
2020,11,25,12,33,34,844,1606271614.844000,0,1,0,1,17,0,17,30,52,0,
2020,11,25,12,33,34,946,1606271614.946000,0,1,0,1,17,0,17,30,52,0,
2020,11,25,12,33,35,48,1606271615.048000,0,1,0,1,17,0,17,30,52,0,
2020,11,25,12,33,35,151,1606271615.151000,0,1,0,1,17,0,17,30,52,0,
2020,11,25,12,33,35,254,1606271615.254000,0,1,0,1,18,0,18,30,52,0,
2020,11,25,12,33,35,355,1606271615.355000,0,1,0,1,18,0,18,30,52,0,
2020,11,25,12,33,35,458,1606271615.458000,0,1,0,1,18,0,18,30,52,0,
2020,11,25,12,33,35,559,1606271615.559000,0,1,0,1,18,0,18,30,52,0,
2020,11,25,12,33,35,661,1606271615.661000,0,1,0,1,18,0,18,30,52,0,
2020,11,25,12,33,35,763,1606271615.763000,0,1,0,1,18,0,18,30,52,0,
2020,11,25,12,33,35,866,1606271615.866000,0,1,0,1,18,0,18,30,52,0,
2020,11,25,12,33,35,968,1606271615.968000,0,1,0,1,18,0,18,30,52,0,
2020,11,25,12,33,36,69,1606271616.069000,0,1,0,1,18,0,18,30,52,0,
2020,11,25,12,33,36,172,1606271616.172000,0,1,0,1,18,0,18,30,52,0,
2020,11,25,12,33,36,273,1606271616.273000,0,1,0,1,18,0,18,30,52,0,
2020,11,25,12,33,36,375,1606271616.375000,0,1,0,1,18,0,18,30,52,0,
2020,11,25,12,33,36,476,1606271616.476000,0,1,0,1,17,0,17,30,52,0,
2020,11,25,12,33,36,579,1606271616.579000,0,1,0,1,17,0,17,30,52,0,
2020,11,25,12,33,36,680,1606271616.680000,0,1,0,1,17,0,17,30,52,0,
2020,11,25,12,33,36,783,1606271616.783000,0,1,0,1,17,0,17,30,52,0,
2020,11,25,12,33,36,885,1606271616.885000,0,1,0,1,17,0,17,30,52,0,
2020,11,25,12,33,36,987,1606271616.987000,0,1,0,1,17,0,17,30,52,0,
2020,11,25,12,33,37,89,1606271617.089000,0,1,0,1,17,0,17,30,52,0,
2020,11,25,12,33,37,192,1606271617.192000,0,1,0,1,17,0,17,30,52,0,
2020,11,25,12,33,37,295,1606271617.295000,0,1,0,1,17,0,17,30,52,0,
2020,11,25,12,33,37,396,1606271617.396000,0,1,0,1,17,0,17,30,52,0,
2020,11,25,12,33,37,498,1606271617.498000,0,1,0,1,17,0,17,30,52,0,
2020,11,25,12,33,37,601,1606271617.601000,0,1,0,1,17,0,17,30,52,0,
2020,11,25,12,33,37,705,1606271617.705000,0,1,0,1,17,0,17,30,52,0,
2020,11,25,12,33,37,808,1606271617.808000,0,1,0,1,17,0,17,30,52,0,
2020,11,25,12,33,37,910,1606271617.910000,0,1,0,1,17,0,17,30,52,0,
2020,11,25,12,33,38,12,1606271618.012000,0,1,0,1,17,0,17,30,52,0,
2020,11,25,12,33,38,114,1606271618.114000,0,1,0,1,17,0,17,30,52,0,
2020,11,25,12,33,38,217,1606271618.217000,0,1,0,1,17,0,17,30,52,0,
2020,11,25,12,33,38,319,1606271618.319000,0,1,0,1,17,0,17,30,52,0,
2020,11,25,12,33,38,422,1606271618.422000,0,1,0,1,18,0,18,30,52,0,
2020,11,25,12,33,38,526,1606271618.526000,0,1,0,1,18,0,18,30,52,0,
2020,11,25,12,33,38,628,1606271618.628000,0,1,0,1,18,0,18,30,52,0,
2020,11,25,12,33,38,732,1606271618.732000,0,1,0,1,18,0,18,30,52,0,
2020,11,25,12,33,38,836,1606271618.836000,0,1,0,1,18,0,18,30,52,0,
2020,11,25,12,33,38,938,1606271618.938000,0,1,0,1,18,0,18,30,52,0,
2020,11,25,12,33,39,40,1606271619.040000,0,1,0,1,18,0,18,30,52,0,
2020,11,25,12,33,39,142,1606271619.142000,0,1,0,1,18,0,18,30,52,0,
2020,11,25,12,33,39,245,1606271619.245000,0,1,0,1,18,0,18,30,52,0,
2020,11,25,12,33,39,349,1606271619.349000,0,1,0,1,18,0,18,30,52,0,
2020,11,25,12,33,39,452,1606271619.452000,0,1,0,1,18,0,18,30,52,0,
2020,11,25,12,33,39,555,1606271619.555000,0,1,0,1,17,0,17,30,52,0,
2020,11,25,12,33,39,657,1606271619.657000,0,1,0,1,17,0,17,30,52,0,
2020,11,25,12,33,39,758,1606271619.758000,0,1,0,1,17,0,17,30,52,0,
2020,11,25,12,33,39,860,1606271619.860000,0,1,0,1,17,0,17,30,52,0,
2020,11,25,12,33,39,962,1606271619.962000,0,1,0,1,17,0,17,30,52,0,
2020,11,25,12,33,40,64,1606271620.064000,0,1,0,1,17,0,17,30,52,0,
2020,11,25,12,33,40,167,1606271620.167000,0,1,0,1,17,0,17,30,52,0,
2020,11,25,12,33,40,270,1606271620.270000,0,1,0,1,17,0,17,30,52,0,
2020,11,25,12,33,40,372,1606271620.372000,0,1,0,1,17,0,17,30,52,0,
2020,11,25,12,33,40,475,1606271620.475000,0,1,0,1,17,0,17,30,52,0,
2020,11,25,12,33,40,577,1606271620.577000,0,1,0,1,17,0,17,30,52,0,
2020,11,25,12,33,40,679,1606271620.679000,0,1,0,1,17,0,17,30,52,0,
2020,11,25,12,33,40,782,1606271620.782000,0,1,0,1,17,0,17,30,52,0,
2020,11,25,12,33,40,884,1606271620.884000,0,1,0,1,17,0,17,30,52,0,
2020,11,25,12,33,40,986,1606271620.986000,0,1,0,1,17,0,17,30,52,0,
2020,11,25,12,33,41,88,1606271621.088000,0,1,0,1,17,0,17,30,52,0,
2020,11,25,12,33,41,190,1606271621.190000,0,1,0,1,17,0,17,30,52,0,
2020,11,25,12,33,41,292,1606271621.292000,0,1,0,1,17,0,17,30,52,0,
2020,11,25,12,33,41,394,1606271621.394000,0,1,0,1,17,0,17,30,52,0,
2020,11,25,12,33,41,498,1606271621.498000,0,1,0,1,17,0,17,30,52,0,
2020,11,25,12,33,41,600,1606271621.600000,0,1,0,1,17,0,17,30,52,0,
2020,11,25,12,33,41,706,1606271621.706000,0,1,0,1,17,0,17,30,52,0,
2020,11,25,12,33,41,809,1606271621.809000,0,1,0,1,17,0,17,30,52,0,
2020,11,25,12,33,41,912,1606271621.912000,0,1,0,1,18,0,18,30,52,0,
2020,11,25,12,33,42,14,1606271622.014000,0,1,0,1,18,0,18,30,52,0,
2020,11,25,12,33,42,116,1606271622.116000,0,1,0,1,18,0,18,30,52,0,
2020,11,25,12,33,42,218,1606271622.218000,0,1,0,1,18,0,18,30,52,0,
2020,11,25,12,33,42,320,1606271622.320000,0,1,0,1,18,0,18,30,52,0,
2020,11,25,12,33,42,423,1606271622.423000,0,1,0,1,18,0,18,30,52,0,
2020,11,25,12,33,42,525,1606271622.525000,0,1,0,1,18,0,18,30,52,0,
2020,11,25,12,33,42,627,1606271622.627000,0,1,0,1,18,0,18,30,52,0,
2020,11,25,12,33,42,729,1606271622.729000,0,1,0,1,18,0,18,30,52,0,
2020,11,25,12,33,42,832,1606271622.832000,0,1,0,1,18,0,18,30,52,0,
2020,11,25,12,33,42,934,1606271622.934000,0,1,0,1,18,0,18,30,52,0,
2020,11,25,12,33,43,36,1606271623.036000,0,1,0,1,18,0,18,30,52,0,
2020,11,25,12,33,43,139,1606271623.139000,0,1,0,1,18,0,18,30,52,0,
2020,11,25,12,33,43,242,1606271623.242000,0,1,0,1,18,0,18,30,52,0,
2020,11,25,12,33,43,345,1606271623.345000,0,1,0,1,17,0,17,30,52,0,
2020,11,25,12,33,43,448,1606271623.448000,0,1,0,1,17,0,17,30,52,0,
2020,11,25,12,33,43,553,1606271623.553000,0,1,0,1,17,0,17,30,52,0,
2020,11,25,12,33,43,656,1606271623.656000,0,1,0,1,17,0,17,30,52,0,
2020,11,25,12,33,43,758,1606271623.758000,0,1,0,1,17,0,17,30,52,0,
2020,11,25,12,33,43,862,1606271623.862000,0,1,0,1,17,0,17,30,52,0,
2020,11,25,12,33,43,966,1606271623.966000,0,1,0,1,17,0,17,30,52,0,
2020,11,25,12,33,44,70,1606271624.070000,0,1,0,1,17,0,17,30,52,0,
2020,11,25,12,33,44,172,1606271624.172000,0,1,0,1,17,0,17,30,52,0,
2020,11,25,12,33,44,275,1606271624.275000,0,1,0,1,17,0,17,30,52,0,
2020,11,25,12,33,44,377,1606271624.377000,0,1,0,1,17,0,17,30,52,0,
2020,11,25,12,33,44,479,1606271624.479000,0,1,0,1,17,0,17,30,52,0,
2020,11,25,12,33,44,582,1606271624.582000,0,1,0,1,17,0,17,30,52,0,
2020,11,25,12,33,44,683,1606271624.683000,0,1,0,1,17,0,17,30,52,0,
2020,11,25,12,33,44,786,1606271624.786000,0,1,0,1,17,0,17,30,52,0,
2020,11,25,12,33,44,888,1606271624.888000,0,1,0,1,17,0,17,30,52,0,
2020,11,25,12,33,44,990,1606271624.990000,0,1,0,1,17,0,17,30,52,0,
2020,11,25,12,33,45,91,1606271625.091000,0,1,0,1,17,0,17,30,52,0,
2020,11,25,12,33,45,195,1606271625.195000,0,1,0,1,17,0,17,30,52,0,
2020,11,25,12,33,45,299,1606271625.299000,0,1,0,1,17,0,17,30,52,0,
2020,11,25,12,33,45,401,1606271625.401000,0,1,0,1,17,0,17,30,52,0,
2020,11,25,12,33,45,507,1606271625.507000,0,1,0,1,17,0,17,30,52,0,
2020,11,25,12,33,45,608,1606271625.608000,0,1,0,1,18,0,18,30,52,0,
2020,11,25,12,33,45,710,1606271625.710000,0,1,0,1,18,0,18,30,52,0,
2020,11,25,12,33,45,812,1606271625.812000,0,1,0,1,18,0,18,30,52,0,
2020,11,25,12,33,45,913,1606271625.913000,0,1,0,1,18,0,18,30,52,0,
2020,11,25,12,33,46,16,1606271626.016000,0,1,0,1,18,0,18,30,52,0,
2020,11,25,12,33,46,118,1606271626.118000,0,1,0,1,18,0,18,30,52,0,
2020,11,25,12,33,46,220,1606271626.220000,0,1,0,1,18,0,18,30,52,0,
2020,11,25,12,33,46,322,1606271626.322000,0,1,0,1,18,0,18,30,52,0,
2020,11,25,12,33,46,424,1606271626.424000,0,1,0,1,18,0,18,30,52,0,
2020,11,25,12,33,46,528,1606271626.528000,0,1,0,1,18,0,18,30,52,0,
2020,11,25,12,33,46,629,1606271626.629000,0,1,0,1,18,0,18,30,52,0,
2020,11,25,12,33,46,732,1606271626.732000,0,1,0,1,18,0,18,30,52,0,
2020,11,25,12,33,46,833,1606271626.833000,0,1,0,1,18,0,18,30,52,0,
2020,11,25,12,33,46,935,1606271626.935000,0,1,0,1,18,0,18,30,52,0,
2020,11,25,12,33,47,37,1606271627.037000,0,1,0,1,17,0,17,30,52,0,
2020,11,25,12,33,47,139,1606271627.139000,0,1,0,1,17,0,17,30,52,0,
2020,11,25,12,33,47,242,1606271627.242000,0,1,0,1,17,0,17,30,52,0,
2020,11,25,12,33,47,345,1606271627.345000,0,1,0,1,17,0,17,30,52,0,
2020,11,25,12,33,47,446,1606271627.446000,0,1,0,1,17,0,17,30,52,0,
2020,11,25,12,33,47,548,1606271627.548000,0,1,0,1,17,0,17,30,52,0,
2020,11,25,12,33,47,650,1606271627.650000,0,1,0,1,17,0,17,30,52,0,
2020,11,25,12,33,47,756,1606271627.756000,0,1,0,1,17,0,17,30,52,0,
2020,11,25,12,33,47,857,1606271627.857000,0,1,0,1,17,0,17,30,52,0,
2020,11,25,12,33,47,960,1606271627.960000,0,1,0,1,17,0,17,30,52,0,
2020,11,25,12,33,48,62,1606271628.062000,0,1,0,1,17,0,17,30,52,0,
2020,11,25,12,33,48,164,1606271628.164000,0,1,0,1,17,0,17,30,52,0,
2020,11,25,12,33,48,267,1606271628.267000,0,1,0,1,17,0,17,30,52,0,
2020,11,25,12,33,48,369,1606271628.369000,0,1,0,1,17,0,17,30,52,0,
2020,11,25,12,33,48,472,1606271628.472000,0,1,0,1,17,0,17,30,52,0,
2020,11,25,12,33,48,574,1606271628.574000,0,1,0,1,17,0,17,30,52,0,
2020,11,25,12,33,48,677,1606271628.677000,0,1,0,1,17,0,17,30,52,0,
2020,11,25,12,33,48,780,1606271628.780000,0,1,0,1,17,0,17,30,52,0,
2020,11,25,12,33,48,882,1606271628.882000,0,1,0,1,17,0,17,30,52,0,
2020,11,25,12,33,48,985,1606271628.985000,0,1,0,1,17,0,17,30,52,0,
2020,11,25,12,33,49,87,1606271629.087000,0,1,0,1,17,0,17,30,52,0,
2020,11,25,12,33,49,189,1606271629.189000,0,1,0,1,18,0,18,30,52,0,
2020,11,25,12,33,49,293,1606271629.293000,0,1,0,1,18,0,18,30,52,0,
2020,11,25,12,33,49,395,1606271629.395000,0,1,0,1,18,0,18,30,52,0,
2020,11,25,12,33,49,498,1606271629.498000,0,1,0,1,18,0,18,30,52,0,
2020,11,25,12,33,49,601,1606271629.601000,0,1,0,1,18,0,18,30,52,0,
2020,11,25,12,33,49,705,1606271629.705000,0,1,0,1,18,0,18,30,52,0,
2020,11,25,12,33,49,808,1606271629.808000,0,1,0,1,18,0,18,30,52,0,
2020,11,25,12,33,49,910,1606271629.910000,0,1,0,1,18,0,18,30,52,0,
2020,11,25,12,33,50,12,1606271630.012000,0,1,0,1,18,0,18,30,52,0,
2020,11,25,12,33,50,114,1606271630.114000,0,1,0,1,18,0,18,30,52,0,
2020,11,25,12,33,50,219,1606271630.219000,0,1,0,1,18,0,18,30,52,0,
2020,11,25,12,33,50,321,1606271630.321000,0,1,0,1,18,0,18,30,52,0,
2020,11,25,12,33,50,423,1606271630.423000,0,1,0,1,18,0,18,30,52,0,
2020,11,25,12,33,50,524,1606271630.524000,0,1,0,1,18,0,18,30,52,0,
2020,11,25,12,33,50,626,1606271630.626000,0,1,0,1,17,0,17,30,52,0,
2020,11,25,12,33,50,728,1606271630.728000,0,1,0,1,17,0,17,30,52,0,
2020,11,25,12,33,50,831,1606271630.831000,0,1,0,1,17,0,17,30,52,0,
2020,11,25,12,33,50,933,1606271630.933000,0,1,0,1,17,0,17,30,52,0,
2020,11,25,12,33,51,35,1606271631.035000,0,1,0,1,17,0,17,30,52,0,
2020,11,25,12,33,51,139,1606271631.139000,0,1,0,1,17,0,17,30,52,0,
2020,11,25,12,33,51,242,1606271631.242000,0,1,0,1,17,0,17,30,52,0,
2020,11,25,12,33,51,344,1606271631.344000,0,1,0,1,17,0,17,30,52,0,
2020,11,25,12,33,51,446,1606271631.446000,0,1,0,1,17,0,17,30,52,0,
2020,11,25,12,33,51,549,1606271631.549000,0,1,0,1,17,0,17,30,52,0,
2020,11,25,12,33,51,651,1606271631.651000,0,1,0,1,17,0,17,30,52,0,
2020,11,25,12,33,51,756,1606271631.756000,0,1,0,1,17,0,17,30,52,0,
2020,11,25,12,33,51,858,1606271631.858000,0,1,0,1,17,0,17,30,52,0,
2020,11,25,12,33,51,960,1606271631.960000,0,1,0,1,17,0,17,30,52,0,
2020,11,25,12,33,52,62,1606271632.062000,0,1,0,1,17,0,17,30,52,0,
2020,11,25,12,33,52,164,1606271632.164000,0,1,0,1,17,0,17,30,52,0,
2020,11,25,12,33,52,266,1606271632.266000,0,1,0,1,17,0,17,30,52,0,
2020,11,25,12,33,52,369,1606271632.369000,0,1,0,1,17,0,17,30,52,0,
2020,11,25,12,33,52,471,1606271632.471000,0,1,0,1,17,0,17,30,52,0,
2020,11,25,12,33,52,573,1606271632.573000,0,1,0,1,17,0,17,30,52,0,
2020,11,25,12,33,52,676,1606271632.676000,0,1,0,1,18,0,18,30,52,0,
2020,11,25,12,33,52,780,1606271632.780000,0,1,0,1,18,0,18,30,52,0,
2020,11,25,12,33,52,882,1606271632.882000,0,1,0,1,18,0,18,30,52,0,
2020,11,25,12,33,52,984,1606271632.984000,0,1,0,1,18,0,18,30,52,0,
2020,11,25,12,33,53,87,1606271633.087000,0,1,0,1,18,0,18,30,52,0,
2020,11,25,12,33,53,190,1606271633.190000,0,1,0,1,18,0,18,30,52,0,
2020,11,25,12,33,53,291,1606271633.291000,0,1,0,1,18,0,18,30,52,0,
2020,11,25,12,33,53,394,1606271633.394000,0,1,0,1,18,0,18,30,52,0,
2020,11,25,12,33,53,497,1606271633.497000,0,1,0,1,18,0,18,30,52,0,
2020,11,25,12,33,53,599,1606271633.599000,0,1,0,1,18,0,18,30,52,0,
2020,11,25,12,33,53,701,1606271633.701000,0,1,0,1,18,0,18,30,52,0,
2020,11,25,12,33,53,807,1606271633.807000,0,1,0,1,18,0,18,30,52,0,
2020,11,25,12,33,53,909,1606271633.909000,0,1,0,1,18,0,18,30,52,0,
2020,11,25,12,33,54,12,1606271634.012000,0,1,0,1,17,0,17,30,52,0,
2020,11,25,12,33,54,114,1606271634.114000,0,1,0,1,17,0,17,30,52,0,
2020,11,25,12,33,54,217,1606271634.217000,0,1,0,1,17,0,17,30,52,0,
2020,11,25,12,33,54,319,1606271634.319000,0,1,0,1,17,0,17,30,52,0,
2020,11,25,12,33,54,421,1606271634.421000,0,1,0,1,17,0,17,30,52,0,
2020,11,25,12,33,54,524,1606271634.524000,0,1,0,1,17,0,17,30,52,0,
2020,11,25,12,33,54,626,1606271634.626000,0,1,0,1,17,0,17,30,52,0,
2020,11,25,12,33,54,727,1606271634.727000,0,1,0,1,17,0,17,30,52,0,
2020,11,25,12,33,54,829,1606271634.829000,0,1,0,1,17,0,17,30,52,0,
2020,11,25,12,33,54,931,1606271634.931000,0,1,0,1,17,0,17,30,52,0,
2020,11,25,12,33,55,33,1606271635.033000,0,1,0,1,17,0,17,30,52,0,
2020,11,25,12,33,55,135,1606271635.135000,0,1,0,1,17,0,17,30,52,0,
2020,11,25,12,33,55,238,1606271635.238000,0,1,0,1,17,0,17,30,52,0,
2020,11,25,12,33,55,340,1606271635.340000,0,1,0,1,17,0,17,30,52,0,
2020,11,25,12,33,55,444,1606271635.444000,0,1,0,1,17,0,17,30,52,0,
2020,11,25,12,33,55,546,1606271635.546000,0,1,0,1,17,0,17,30,52,0,
2020,11,25,12,33,55,648,1606271635.648000,0,1,0,1,17,0,17,30,52,0,
2020,11,25,12,33,55,755,1606271635.755000,0,1,0,1,17,0,17,30,52,0,
2020,11,25,12,33,55,858,1606271635.858000,0,1,0,1,17,0,17,30,52,0,
2020,11,25,12,33,55,960,1606271635.960000,0,1,0,1,17,0,17,30,52,0,
2020,11,25,12,33,56,62,1606271636.062000,0,1,0,1,17,0,17,30,52,0,
2020,11,25,12,33,56,164,1606271636.164000,0,1,0,1,17,0,17,30,52,0,
2020,11,25,12,33,56,266,1606271636.266000,0,1,0,1,17,0,17,30,52,0,
2020,11,25,12,33,56,368,1606271636.368000,0,1,0,1,18,0,18,30,52,0,
2020,11,25,12,33,56,470,1606271636.470000,0,1,0,1,18,0,18,30,52,0,
2020,11,25,12,33,56,572,1606271636.572000,0,1,0,1,18,0,18,30,52,0,
2020,11,25,12,33,56,674,1606271636.674000,0,1,0,1,18,0,18,30,52,0,
2020,11,25,12,33,56,776,1606271636.776000,0,1,0,1,18,0,18,30,52,0,
2020,11,25,12,33,56,877,1606271636.877000,0,1,0,1,18,0,18,30,52,0,
2020,11,25,12,33,56,979,1606271636.979000,0,1,0,1,18,0,18,30,52,0,
2020,11,25,12,33,57,82,1606271637.082000,0,1,0,1,18,0,18,30,52,0,
2020,11,25,12,33,57,184,1606271637.184000,0,1,0,1,18,0,18,30,52,0,
2020,11,25,12,33,57,286,1606271637.286000,0,1,0,1,18,0,18,30,52,0,
2020,11,25,12,33,57,388,1606271637.388000,0,1,0,1,18,0,18,30,52,0,
2020,11,25,12,33,57,490,1606271637.490000,0,1,0,1,17,0,17,30,52,0,
2020,11,25,12,33,57,593,1606271637.593000,0,1,0,1,17,0,17,30,52,0,
2020,11,25,12,33,57,696,1606271637.696000,0,1,0,1,17,0,17,30,52,0,
2020,11,25,12,33,57,798,1606271637.798000,0,1,0,1,17,0,17,30,52,0,
2020,11,25,12,33,57,900,1606271637.900000,0,1,0,1,17,0,17,30,52,0,
2020,11,25,12,33,58,4,1606271638.004000,0,1,0,1,17,0,17,30,52,0,
2020,11,25,12,33,58,106,1606271638.106000,0,1,0,1,17,0,17,30,52,0,
2020,11,25,12,33,58,208,1606271638.208000,0,1,0,1,17,0,17,30,52,0,
2020,11,25,12,33,58,314,1606271638.314000,0,1,0,1,17,0,17,30,52,0,
2020,11,25,12,33,58,416,1606271638.416000,0,1,0,1,17,0,17,30,52,0,
2020,11,25,12,33,58,519,1606271638.519000,0,1,0,1,17,0,17,30,52,0,
2020,11,25,12,33,58,621,1606271638.621000,0,1,0,1,17,0,17,30,52,0,
2020,11,25,12,33,58,723,1606271638.723000,0,1,0,1,17,0,17,30,52,0,
2020,11,25,12,33,58,825,1606271638.825000,0,1,0,1,17,0,17,30,52,0,
2020,11,25,12,33,58,927,1606271638.927000,0,1,0,1,17,0,17,30,52,0,
2020,11,25,12,33,59,29,1606271639.029000,0,1,0,1,17,0,17,30,52,0,
2020,11,25,12,33,59,132,1606271639.132000,0,1,0,1,17,0,17,30,52,0,
2020,11,25,12,33,59,235,1606271639.235000,0,1,0,1,17,0,17,30,52,0,
2020,11,25,12,33,59,338,1606271639.338000,0,1,0,1,17,0,17,30,52,0,
2020,11,25,12,33,59,440,1606271639.440000,0,1,0,1,18,0,18,30,52,0,
2020,11,25,12,33,59,543,1606271639.543000,0,1,0,1,18,0,18,30,52,0,
2020,11,25,12,33,59,645,1606271639.645000,0,1,0,1,18,0,18,30,52,0,
2020,11,25,12,33,59,747,1606271639.747000,0,1,0,1,18,0,18,30,52,0,
2020,11,25,12,33,59,849,1606271639.849000,0,1,0,1,18,0,18,30,52,0,
2020,11,25,12,33,59,953,1606271639.953000,0,1,0,1,18,0,18,30,52,0,
2020,11,25,12,34,0,56,1606271640.056000,0,1,0,1,18,0,18,30,52,0,
2020,11,25,12,34,0,158,1606271640.158000,0,1,0,1,18,0,18,30,52,0,
2020,11,25,12,34,0,261,1606271640.261000,0,1,0,1,18,0,18,30,52,0,
2020,11,25,12,34,0,363,1606271640.363000,0,1,0,1,18,0,18,30,52,0,
2020,11,25,12,34,0,465,1606271640.465000,0,1,0,1,18,0,18,30,52,0,
2020,11,25,12,34,0,566,1606271640.566000,0,1,0,1,18,0,18,30,52,0,
2020,11,25,12,34,0,668,1606271640.668000,0,1,0,1,18,0,18,30,52,0,
2020,11,25,12,34,0,771,1606271640.771000,0,1,0,1,18,0,18,30,52,0,
2020,11,25,12,34,0,873,1606271640.873000,0,1,0,1,18,0,18,30,52,0,
2020,11,25,12,34,0,975,1606271640.975000,0,1,0,1,18,0,18,30,52,0,
2020,11,25,12,34,1,79,1606271641.079000,0,1,0,1,17,0,17,30,52,0,
2020,11,25,12,34,1,181,1606271641.181000,0,1,0,1,17,0,17,30,52,0,
2020,11,25,12,34,1,283,1606271641.283000,0,1,0,1,17,0,17,30,52,0,
2020,11,25,12,34,1,385,1606271641.385000,0,1,0,1,17,0,17,30,52,0,
2020,11,25,12,34,1,487,1606271641.487000,0,1,0,1,17,0,17,30,52,0,
2020,11,25,12,34,1,589,1606271641.589000,0,1,0,1,17,0,17,30,52,0,
2020,11,25,12,34,1,692,1606271641.692000,0,1,0,1,17,0,17,30,52,0,
2020,11,25,12,34,1,794,1606271641.794000,0,1,0,1,17,0,17,30,52,0,
2020,11,25,12,34,1,896,1606271641.896000,0,1,0,1,17,0,17,30,52,0,
2020,11,25,12,34,1,997,1606271641.997000,0,1,0,1,17,0,17,30,52,0,
2020,11,25,12,34,2,100,1606271642.100000,0,1,0,1,17,0,17,30,52,0,
2020,11,25,12,34,2,204,1606271642.204000,0,1,0,1,17,0,17,30,52,0,
2020,11,25,12,34,2,307,1606271642.307000,0,1,0,1,17,0,17,30,52,0,
2020,11,25,12,34,2,409,1606271642.409000,0,1,0,1,17,0,17,30,52,0,
2020,11,25,12,34,2,510,1606271642.510000,0,1,0,1,17,0,17,30,52,0,
2020,11,25,12,34,2,613,1606271642.613000,0,1,0,1,17,0,17,30,52,0,
2020,11,25,12,34,2,714,1606271642.714000,0,1,0,1,17,0,17,30,52,0,
2020,11,25,12,34,2,816,1606271642.816000,0,1,0,1,17,0,17,30,52,0,
2020,11,25,12,34,2,918,1606271642.918000,0,1,0,1,18,0,18,30,52,0,
2020,11,25,12,34,3,21,1606271643.021000,0,1,0,1,18,0,18,30,52,0,
2020,11,25,12,34,3,123,1606271643.123000,0,1,0,1,18,0,18,30,52,0,
2020,11,25,12,34,3,226,1606271643.226000,0,1,0,1,18,0,18,30,52,0,
2020,11,25,12,34,3,328,1606271643.328000,0,1,0,1,18,0,18,30,52,0,
2020,11,25,12,34,3,431,1606271643.431000,0,1,0,1,18,0,18,30,52,0,
2020,11,25,12,34,3,533,1606271643.533000,0,1,0,1,18,0,18,30,52,0,
2020,11,25,12,34,3,636,1606271643.636000,0,1,0,1,18,0,18,30,52,0,
2020,11,25,12,34,3,739,1606271643.739000,0,1,0,1,18,0,18,30,52,0,
2020,11,25,12,34,3,842,1606271643.842000,0,1,0,1,18,0,18,30,52,0,
2020,11,25,12,34,3,944,1606271643.944000,0,1,0,1,18,0,18,30,52,0,
2020,11,25,12,34,4,46,1606271644.046000,0,1,0,1,18,0,18,30,52,0,
2020,11,25,12,34,4,149,1606271644.149000,0,1,0,1,18,0,18,30,52,0,
2020,11,25,12,34,4,254,1606271644.254000,0,1,0,1,18,0,18,30,52,0,
2020,11,25,12,34,4,356,1606271644.356000,0,1,0,1,18,0,18,30,52,0,
2020,11,25,12,34,4,459,1606271644.459000,0,1,0,1,18,0,18,30,52,0,
2020,11,25,12,34,4,561,1606271644.561000,0,1,0,1,18,0,18,30,52,0,
2020,11,25,12,34,4,663,1606271644.663000,0,1,0,1,18,0,18,30,52,0,
2020,11,25,12,34,4,764,1606271644.764000,0,1,0,1,18,0,18,30,52,0,
2020,11,25,12,34,4,866,1606271644.866000,0,1,0,1,18,0,18,30,52,0,
2020,11,25,12,34,4,968,1606271644.968000,0,1,0,1,18,0,18,30,52,0,
2020,11,25,12,34,5,70,1606271645.070000,0,1,0,1,18,0,18,30,52,0,
2020,11,25,12,34,5,173,1606271645.173000,0,1,0,1,18,0,18,30,52,0,
2020,11,25,12,34,5,275,1606271645.275000,0,1,0,1,18,0,18,30,52,0,
2020,11,25,12,34,5,378,1606271645.378000,0,1,0,1,17,0,17,30,52,0,
2020,11,25,12,34,5,480,1606271645.480000,0,1,0,1,17,0,17,30,52,0,
2020,11,25,12,34,5,582,1606271645.582000,0,1,0,1,17,0,17,30,52,0,
2020,11,25,12,34,5,684,1606271645.684000,0,1,0,1,17,0,17,30,52,0,
2020,11,25,12,34,5,785,1606271645.785000,0,1,0,1,17,0,17,30,52,0,
2020,11,25,12,34,5,888,1606271645.888000,0,1,0,1,17,0,17,30,52,0,
2020,11,25,12,34,5,990,1606271645.990000,0,1,0,1,17,0,17,30,52,0,
2020,11,25,12,34,6,92,1606271646.092000,0,1,0,1,17,0,17,30,52,0,
2020,11,25,12,34,6,194,1606271646.194000,0,1,0,1,17,0,17,30,52,0,
2020,11,25,12,34,6,298,1606271646.298000,0,1,0,1,17,0,17,30,52,0,
2020,11,25,12,34,6,401,1606271646.401000,0,1,0,1,17,0,17,30,52,0,
2020,11,25,12,34,6,507,1606271646.507000,0,1,0,1,17,0,17,30,52,0,
2020,11,25,12,34,6,609,1606271646.609000,0,1,0,1,17,0,17,30,52,0,
2020,11,25,12,34,6,711,1606271646.711000,0,1,0,1,17,0,17,30,52,0,
2020,11,25,12,34,6,813,1606271646.813000,0,1,0,1,17,0,17,30,52,0,
2020,11,25,12,34,6,915,1606271646.915000,0,1,0,1,17,0,17,30,52,0,
2020,11,25,12,34,7,17,1606271647.017000,0,1,0,1,18,0,18,30,52,0,
2020,11,25,12,34,7,118,1606271647.118000,0,1,0,1,18,0,18,30,52,0,
2020,11,25,12,34,7,220,1606271647.220000,0,1,0,1,18,0,18,30,52,0,
2020,11,25,12,34,7,322,1606271647.322000,0,1,0,1,18,0,18,30,52,0,
2020,11,25,12,34,7,425,1606271647.425000,0,1,0,1,18,0,18,30,52,0,
2020,11,25,12,34,7,529,1606271647.529000,0,1,0,1,17,0,17,29,50,0,
2020,11,25,12,34,7,631,1606271647.631000,0,1,0,1,16,0,16,26,45,0,
2020,11,25,12,34,7,733,1606271647.733000,0,1,0,1,15,0,15,25,44,0,
2020,11,25,12,34,7,835,1606271647.835000,0,1,0,1,11,0,11,18,31,0,
2020,11,25,12,34,7,937,1606271647.937000,0,1,0,1,9,0,9,15,27,0,
2020,11,25,12,34,8,40,1606271648.040000,0,1,0,1,8,0,8,13,23,0,
2020,11,25,12,34,8,142,1606271648.142000,0,1,0,1,6,0,6,9,16,0,
2020,11,25,12,34,8,244,1606271648.244000,0,1,0,1,2,0,2,3,6,0,
2020,11,25,12,34,8,346,1606271648.346000,0,1,0,1,1,0,1,1,2,0,
2020,11,25,12,34,8,448,1606271648.448000,0,1,0,1,1,0,1,0,0,0,
2020,11,25,12,34,8,550,1606271648.550000,0,1,0,1,1,0,1,0,0,0,
2020,11,25,12,34,8,653,1606271648.653000,0,1,0,1,1,0,1,0,0,0,
2020,11,25,12,34,8,755,1606271648.755000,0,1,0,1,1,0,1,1,0,0,
2020,11,25,12,34,8,857,1606271648.857000,0,1,0,1,1,0,1,1,0,0,
2020,11,25,12,34,8,959,1606271648.959000,0,1,0,1,1,0,1,1,0,0,
2020,11,25,12,34,9,61,1606271649.061000,0,1,0,1,1,0,1,1,0,0,
2020,11,25,12,34,9,163,1606271649.163000,0,1,0,1,1,0,1,1,0,0,
2020,11,25,12,34,9,265,1606271649.265000,0,1,0,1,0,0,0,0,0,0,
2020,11,25,12,34,9,367,1606271649.367000,0,1,0,1,0,0,0,0,0,0,
2020,11,25,12,34,9,469,1606271649.469000,0,1,0,1,0,0,0,0,0,0,
2020,11,25,12,34,9,572,1606271649.572000,0,1,0,1,0,0,0,0,0,0,
2020,11,25,12,34,9,673,1606271649.673000,0,1,0,1,0,0,0,0,0,0,
2020,11,25,12,34,9,776,1606271649.776000,0,1,0,1,0,0,0,0,0,0,
2020,11,25,12,34,9,878,1606271649.878000,0,1,0,1,0,0,0,0,0,0,
2020,11,25,12,34,9,980,1606271649.980000,0,1,0,1,0,0,0,0,0,0,
2020,11,25,12,34,10,83,1606271650.083000,0,1,0,1,0,0,0,0,0,0,
2020,11,25,12,34,10,185,1606271650.185000,0,1,0,1,0,0,0,0,0,0,
2020,11,25,12,34,10,288,1606271650.288000,0,1,0,1,0,0,0,0,0,0,
2020,11,25,12,34,10,391,1606271650.391000,0,1,0,1,0,0,0,0,0,0,
2020,11,25,12,34,10,492,1606271650.492000,0,1,0,1,0,0,0,0,0,0,
2020,11,25,12,34,10,594,1606271650.594000,0,1,0,1,0,0,0,0,0,0,
2020,11,25,12,34,10,700,1606271650.700000,0,1,0,1,0,0,0,0,0,0,
2020,11,25,12,34,10,805,1606271650.805000,0,1,0,1,0,0,0,0,0,0,
2020,11,25,12,34,10,907,1606271650.907000,0,1,0,1,0,0,0,0,0,0,
2020,11,25,12,34,11,12,1606271651.012000,0,1,0,1,0,0,0,0,0,0,
2020,11,25,12,34,11,114,1606271651.114000,0,1,0,1,0,0,0,0,0,0,
2020,11,25,12,34,11,217,1606271651.217000,0,1,0,1,0,0,0,0,0,0,
2020,11,25,12,34,11,319,1606271651.319000,0,1,0,1,0,0,0,0,0,0,
2020,11,25,12,34,11,421,1606271651.421000,0,1,0,1,0,0,0,0,0,0,
2020,11,25,12,34,11,523,1606271651.523000,0,1,0,1,0,0,0,0,0,0,
2020,11,25,12,34,11,625,1606271651.625000,0,1,0,1,0,0,0,0,0,0,
2020,11,25,12,34,11,727,1606271651.727000,0,1,0,1,0,0,0,0,0,0,
2020,11,25,12,34,11,828,1606271651.828000,0,1,0,1,0,0,0,0,0,0,
2020,11,25,12,34,11,930,1606271651.930000,0,1,0,1,0,0,0,0,0,0,
2020,11,25,12,34,12,32,1606271652.032000,0,1,0,1,0,0,0,0,0,0,
2020,11,25,12,34,12,134,1606271652.134000,0,1,0,1,0,0,0,0,0,0,
2020,11,25,12,34,12,236,1606271652.236000,0,1,0,1,0,0,0,0,0,0,
2020,11,25,12,34,12,337,1606271652.337000,0,1,0,1,0,0,0,0,0,0,
2020,11,25,12,34,12,439,1606271652.439000,0,1,0,1,0,0,0,0,0,0,
2020,11,25,12,34,12,541,1606271652.541000,0,1,0,1,0,0,0,0,0,0,
2020,11,25,12,34,12,644,1606271652.644000,0,1,0,1,17,0,17,29,50,0,
2020,11,25,12,34,12,745,1606271652.745000,0,1,0,1,18,0,18,30,52,0,
2020,11,25,12,34,12,848,1606271652.848000,0,1,0,1,18,0,18,30,52,0,
2020,11,25,12,34,12,949,1606271652.949000,0,1,0,1,18,0,18,30,52,0,
2020,11,25,12,34,13,51,1606271653.051000,0,1,0,1,18,0,18,30,52,0,
2020,11,25,12,34,13,154,1606271653.154000,0,1,0,1,18,0,18,30,52,0,
2020,11,25,12,34,13,256,1606271653.256000,0,1,0,1,18,0,18,30,52,0,
2020,11,25,12,34,13,359,1606271653.359000,0,1,0,1,18,0,18,30,52,0,
2020,11,25,12,34,13,461,1606271653.461000,0,1,0,1,18,0,18,30,52,0,
2020,11,25,12,34,13,564,1606271653.564000,0,1,0,1,18,0,18,30,52,0,
2020,11,25,12,34,13,666,1606271653.666000,0,1,0,1,18,0,18,30,52,0,
2020,11,25,12,34,13,768,1606271653.768000,0,1,0,1,17,0,17,30,52,0,
2020,11,25,12,34,13,870,1606271653.870000,0,1,0,1,17,0,17,30,52,0,
2020,11,25,12,34,13,973,1606271653.973000,0,1,0,1,17,0,17,30,52,0,
2020,11,25,12,34,14,74,1606271654.074000,0,1,0,1,17,0,17,30,52,0,
2020,11,25,12,34,14,176,1606271654.176000,0,1,0,1,17,0,17,30,52,0,
2020,11,25,12,34,14,278,1606271654.278000,0,1,0,1,17,0,17,30,52,0,
2020,11,25,12,34,14,380,1606271654.380000,0,1,0,1,17,0,17,30,52,0,
2020,11,25,12,34,14,482,1606271654.482000,0,1,0,1,17,0,17,30,52,0,
2020,11,25,12,34,14,584,1606271654.584000,0,1,0,1,17,0,17,30,52,0,
2020,11,25,12,34,14,685,1606271654.685000,0,1,0,1,17,0,17,30,52,0,
2020,11,25,12,34,14,787,1606271654.787000,0,1,0,1,17,0,17,30,52,0,
2020,11,25,12,34,14,889,1606271654.889000,0,1,0,1,17,0,17,30,52,0,
2020,11,25,12,34,14,993,1606271654.993000,0,1,0,1,17,0,17,30,52,0,
2020,11,25,12,34,15,96,1606271655.096000,0,1,0,1,18,0,18,30,52,0,
2020,11,25,12,34,15,198,1606271655.198000,0,1,0,1,18,0,18,30,52,0,
2020,11,25,12,34,15,301,1606271655.301000,0,1,0,1,18,0,18,30,52,0,
2020,11,25,12,34,15,403,1606271655.403000,0,1,0,1,18,0,18,30,52,0,
2020,11,25,12,34,15,505,1606271655.505000,0,1,0,1,18,0,18,30,52,0,
2020,11,25,12,34,15,607,1606271655.607000,0,1,0,1,18,0,18,30,52,0,
2020,11,25,12,34,15,712,1606271655.712000,0,1,0,1,18,0,18,30,52,0,
2020,11,25,12,34,15,813,1606271655.813000,0,1,0,1,18,0,18,30,52,0,
2020,11,25,12,34,15,915,1606271655.915000,0,1,0,1,18,0,18,30,52,0,
2020,11,25,12,34,16,17,1606271656.017000,0,1,0,1,18,0,18,30,52,0,
2020,11,25,12,34,16,126,1606271656.126000,0,1,0,1,18,0,18,30,52,0,
2020,11,25,12,34,16,233,1606271656.233000,0,1,0,1,18,0,18,30,52,0,
2020,11,25,12,34,16,336,1606271656.336000,0,1,0,1,18,0,18,30,52,0,
2020,11,25,12,34,16,438,1606271656.438000,0,1,0,1,18,0,18,30,52,0,
2020,11,25,12,34,16,540,1606271656.540000,0,1,0,1,17,0,17,30,52,0,
2020,11,25,12,34,16,643,1606271656.643000,0,1,0,1,17,0,17,30,52,0,
2020,11,25,12,34,16,745,1606271656.745000,0,1,0,1,17,0,17,30,52,0,
2020,11,25,12,34,16,850,1606271656.850000,0,1,0,1,17,0,17,30,52,0,
2020,11,25,12,34,16,954,1606271656.954000,0,1,0,1,17,0,17,30,52,0,
2020,11,25,12,34,17,57,1606271657.057000,0,1,0,1,17,0,17,30,52,0,
2020,11,25,12,34,17,160,1606271657.160000,0,1,0,1,17,0,17,30,52,0,
2020,11,25,12,34,17,262,1606271657.262000,0,1,0,1,17,0,17,30,52,0,
2020,11,25,12,34,17,364,1606271657.364000,0,1,0,1,17,0,17,30,52,0,
2020,11,25,12,34,17,468,1606271657.468000,0,1,0,1,17,0,17,30,52,0,
2020,11,25,12,34,17,569,1606271657.569000,0,1,0,1,17,0,17,30,52,0,
2020,11,25,12,34,17,672,1606271657.672000,0,1,0,1,17,0,17,30,52,0,
2020,11,25,12,34,17,774,1606271657.774000,0,1,0,1,17,0,17,30,52,0,
2020,11,25,12,34,17,877,1606271657.877000,0,1,0,1,17,0,17,30,52,0,
2020,11,25,12,34,17,979,1606271657.979000,0,1,0,1,17,0,17,30,52,0,
2020,11,25,12,34,18,80,1606271658.080000,0,1,0,1,17,0,17,30,52,0,
2020,11,25,12,34,18,183,1606271658.183000,0,1,0,1,17,0,17,30,52,0,
2020,11,25,12,34,18,285,1606271658.285000,0,1,0,1,17,0,17,30,52,0,
2020,11,25,12,34,18,388,1606271658.388000,0,1,0,1,17,0,17,30,52,0,
2020,11,25,12,34,18,490,1606271658.490000,0,1,0,1,17,0,17,30,52,0,
2020,11,25,12,34,18,593,1606271658.593000,0,1,0,1,17,0,17,30,52,0,
2020,11,25,12,34,18,696,1606271658.696000,0,1,0,1,17,0,17,30,52,0,
2020,11,25,12,34,18,798,1606271658.798000,0,1,0,1,17,0,17,30,52,0,
2020,11,25,12,34,18,901,1606271658.901000,0,1,0,1,18,0,18,30,52,0,
2020,11,25,12,34,19,6,1606271659.006000,0,1,0,1,18,0,18,30,52,0,
2020,11,25,12,34,19,108,1606271659.108000,0,1,0,1,18,0,18,30,52,0,
2020,11,25,12,34,19,211,1606271659.211000,0,1,0,1,18,0,18,30,52,0,
2020,11,25,12,34,19,313,1606271659.313000,0,1,0,1,18,0,18,30,52,0,
2020,11,25,12,34,19,415,1606271659.415000,0,1,0,1,18,0,18,30,52,0,
2020,11,25,12,34,19,517,1606271659.517000,0,1,0,1,18,0,18,30,52,0,
2020,11,25,12,34,19,619,1606271659.619000,0,1,0,1,18,0,18,30,52,0,
2020,11,25,12,34,19,722,1606271659.722000,0,1,0,1,18,0,18,30,52,0,
2020,11,25,12,34,19,824,1606271659.824000,0,1,0,1,18,0,18,30,52,0,
2020,11,25,12,34,19,927,1606271659.927000,0,1,0,1,18,0,18,30,52,0,
2020,11,25,12,34,20,29,1606271660.029000,0,1,0,1,18,0,18,30,52,0,
2020,11,25,12,34,20,131,1606271660.131000,0,1,0,1,18,0,18,30,52,0,
2020,11,25,12,34,20,235,1606271660.235000,0,1,0,1,17,0,17,30,52,0,
2020,11,25,12,34,20,337,1606271660.337000,0,1,0,1,17,0,17,30,52,0,
2020,11,25,12,34,20,439,1606271660.439000,0,1,0,1,17,0,17,30,52,0,
2020,11,25,12,34,20,541,1606271660.541000,0,1,0,1,17,0,17,30,52,0,
2020,11,25,12,34,20,644,1606271660.644000,0,1,0,1,17,0,17,30,52,0,
2020,11,25,12,34,20,747,1606271660.747000,0,1,0,1,17,0,17,30,52,0,
2020,11,25,12,34,20,850,1606271660.850000,0,1,0,1,17,0,17,30,52,0,
2020,11,25,12,34,20,954,1606271660.954000,0,1,0,1,17,0,17,30,52,0,
2020,11,25,12,34,21,56,1606271661.056000,0,1,0,1,17,0,17,30,52,0,
2020,11,25,12,34,21,158,1606271661.158000,0,1,0,1,17,0,17,30,52,0,
2020,11,25,12,34,21,260,1606271661.260000,0,1,0,1,17,0,17,30,52,0,
2020,11,25,12,34,21,363,1606271661.363000,0,1,0,1,17,0,17,30,52,0,
2020,11,25,12,34,21,465,1606271661.465000,0,1,0,1,17,0,17,30,52,0,
2020,11,25,12,34,21,567,1606271661.567000,0,1,0,1,17,0,17,30,52,0,
2020,11,25,12,34,21,669,1606271661.669000,0,1,0,1,17,0,17,30,52,0,
2020,11,25,12,34,21,771,1606271661.771000,0,1,0,1,17,0,17,30,52,0,
2020,11,25,12,34,21,874,1606271661.874000,0,1,0,1,17,0,17,30,52,0,
2020,11,25,12,34,21,977,1606271661.977000,0,1,0,1,17,0,17,30,52,0,
2020,11,25,12,34,22,80,1606271662.080000,0,1,0,1,17,0,17,30,52,0,
2020,11,25,12,34,22,182,1606271662.182000,0,1,0,1,17,0,17,30,52,0,
2020,11,25,12,34,22,285,1606271662.285000,0,1,0,1,18,0,18,30,52,0,
2020,11,25,12,34,22,387,1606271662.387000,0,1,0,1,18,0,18,30,52,0,
2020,11,25,12,34,22,491,1606271662.491000,0,1,0,1,18,0,18,30,52,0,
2020,11,25,12,34,22,593,1606271662.593000,0,1,0,1,18,0,18,30,52,0,
2020,11,25,12,34,22,695,1606271662.695000,0,1,0,1,18,0,18,30,52,0,
2020,11,25,12,34,22,797,1606271662.797000,0,1,0,1,18,0,18,30,52,0,
2020,11,25,12,34,22,898,1606271662.898000,0,1,0,1,18,0,18,30,52,0,
2020,11,25,12,34,23,1,1606271663.001000,0,1,0,1,18,0,18,30,52,0,
2020,11,25,12,34,23,106,1606271663.106000,0,1,0,1,18,0,18,30,52,0,
2020,11,25,12,34,23,208,1606271663.208000,0,1,0,1,18,0,18,30,52,0,
2020,11,25,12,34,23,310,1606271663.310000,0,1,0,1,18,0,18,30,52,0,
2020,11,25,12,34,23,412,1606271663.412000,0,1,0,1,18,0,18,30,52,0,
2020,11,25,12,34,23,514,1606271663.514000,0,1,0,1,18,0,18,30,52,0,
2020,11,25,12,34,23,616,1606271663.616000,0,1,0,1,18,0,18,30,52,0,
2020,11,25,12,34,23,719,1606271663.719000,0,1,0,1,18,0,18,30,52,0,
2020,11,25,12,34,23,820,1606271663.820000,0,1,0,1,17,0,17,30,52,0,
2020,11,25,12,34,23,922,1606271663.922000,0,1,0,1,17,0,17,30,52,0,
2020,11,25,12,34,24,26,1606271664.026000,0,1,0,1,17,0,17,30,52,0,
2020,11,25,12,34,24,128,1606271664.128000,0,1,0,1,17,0,17,30,52,0,
2020,11,25,12,34,24,230,1606271664.230000,0,1,0,1,17,0,17,30,52,0,
2020,11,25,12,34,24,333,1606271664.333000,0,1,0,1,17,0,17,30,52,0,
2020,11,25,12,34,24,435,1606271664.435000,0,1,0,1,17,0,17,30,52,0,
2020,11,25,12,34,24,537,1606271664.537000,0,1,0,1,17,0,17,30,52,0,
2020,11,25,12,34,24,639,1606271664.639000,0,1,0,1,17,0,17,30,52,0,
2020,11,25,12,34,24,743,1606271664.743000,0,1,0,1,17,0,17,30,52,0,
2020,11,25,12,34,24,845,1606271664.845000,0,1,0,1,17,0,17,30,52,0,
2020,11,25,12,34,24,947,1606271664.947000,0,1,0,1,17,0,17,30,52,0,
2020,11,25,12,34,25,49,1606271665.049000,0,1,0,1,17,0,17,30,52,0,
2020,11,25,12,34,25,151,1606271665.151000,0,1,0,1,17,0,17,30,52,0,
2020,11,25,12,34,25,256,1606271665.256000,0,1,0,1,17,0,17,30,52,0,
2020,11,25,12,34,25,358,1606271665.358000,0,1,0,1,17,0,17,30,52,0,
2020,11,25,12,34,25,460,1606271665.460000,0,1,0,1,18,0,18,30,52,0,
2020,11,25,12,34,25,563,1606271665.563000,0,1,0,1,18,0,18,30,52,0,
2020,11,25,12,34,25,665,1606271665.665000,0,1,0,1,18,0,18,30,52,0,
2020,11,25,12,34,25,767,1606271665.767000,0,1,0,1,18,0,18,30,52,0,
2020,11,25,12,34,25,870,1606271665.870000,0,1,0,1,18,0,18,30,52,0,
2020,11,25,12,34,25,972,1606271665.972000,0,1,0,1,18,0,18,30,52,0,
2020,11,25,12,34,26,73,1606271666.073000,0,1,0,1,18,0,18,30,52,0,
2020,11,25,12,34,26,175,1606271666.175000,0,1,0,1,18,0,18,30,52,0,
2020,11,25,12,34,26,277,1606271666.277000,0,1,0,1,18,0,18,30,52,0,
2020,11,25,12,34,26,380,1606271666.380000,0,1,0,1,18,0,18,30,52,0,
2020,11,25,12,34,26,483,1606271666.483000,0,1,0,1,18,0,18,30,52,0,
2020,11,25,12,34,26,585,1606271666.585000,0,1,0,1,18,0,18,30,52,0,
2020,11,25,12,34,26,687,1606271666.687000,0,1,0,1,18,0,18,30,52,0,
2020,11,25,12,34,26,790,1606271666.790000,0,1,0,1,17,0,17,30,52,0,
2020,11,25,12,34,26,897,1606271666.897000,0,1,0,1,17,0,17,30,52,0,
2020,11,25,12,34,27,1,1606271667.001000,0,1,0,1,17,0,17,30,52,0,
2020,11,25,12,34,27,107,1606271667.107000,0,1,0,1,17,0,17,30,52,0,
2020,11,25,12,34,27,209,1606271667.209000,0,1,0,1,17,0,17,30,52,0,
2020,11,25,12,34,27,312,1606271667.312000,0,1,0,1,17,0,17,30,52,0,
2020,11,25,12,34,27,415,1606271667.415000,0,1,0,1,17,0,17,30,52,0,
2020,11,25,12,34,27,517,1606271667.517000,0,1,0,1,17,0,17,30,52,0,
2020,11,25,12,34,27,619,1606271667.619000,0,1,0,1,17,0,17,30,52,0,
2020,11,25,12,34,27,722,1606271667.722000,0,1,0,1,17,0,17,30,52,0,
2020,11,25,12,34,27,824,1606271667.824000,0,1,0,1,17,0,17,30,52,0,
2020,11,25,12,34,27,925,1606271667.925000,0,1,0,1,17,0,17,30,52,0,
2020,11,25,12,34,28,27,1606271668.027000,0,1,0,1,17,0,17,30,52,0,
2020,11,25,12,34,28,129,1606271668.129000,0,1,0,1,17,0,17,30,52,0,
2020,11,25,12,34,28,231,1606271668.231000,0,1,0,1,17,0,17,30,52,0,
2020,11,25,12,34,28,333,1606271668.333000,0,1,0,1,17,0,17,30,52,0,
2020,11,25,12,34,28,436,1606271668.436000,0,1,0,1,17,0,17,30,52,0,
2020,11,25,12,34,28,538,1606271668.538000,0,1,0,1,17,0,17,30,52,0,
2020,11,25,12,34,28,641,1606271668.641000,0,1,0,1,17,0,17,30,52,0,
2020,11,25,12,34,28,743,1606271668.743000,0,1,0,1,17,0,17,30,52,0,
2020,11,25,12,34,28,845,1606271668.845000,0,1,0,1,17,0,17,30,52,0,
2020,11,25,12,34,28,947,1606271668.947000,0,1,0,1,17,0,17,30,52,0,
2020,11,25,12,34,29,49,1606271669.049000,0,1,0,1,17,0,17,30,52,0,
2020,11,25,12,34,29,151,1606271669.151000,0,1,0,1,17,0,17,30,52,0,
2020,11,25,12,34,29,256,1606271669.256000,0,1,0,1,17,0,17,30,52,0,
2020,11,25,12,34,29,361,1606271669.361000,0,1,0,1,17,0,17,30,52,0,
2020,11,25,12,34,29,463,1606271669.463000,0,1,0,1,17,0,17,30,52,0,
2020,11,25,12,34,29,565,1606271669.565000,0,1,0,1,18,0,18,30,52,0,
2020,11,25,12,34,29,666,1606271669.666000,0,1,0,1,18,0,18,30,52,0,
2020,11,25,12,34,29,768,1606271669.768000,0,1,0,1,18,0,18,30,52,0,
2020,11,25,12,34,29,870,1606271669.870000,0,1,0,1,18,0,18,30,52,0,
2020,11,25,12,34,29,973,1606271669.973000,0,1,0,1,18,0,18,30,52,0,
2020,11,25,12,34,30,76,1606271670.076000,0,1,0,1,18,0,18,30,52,0,
2020,11,25,12,34,30,178,1606271670.178000,0,1,0,1,18,0,18,30,52,0,
2020,11,25,12,34,30,279,1606271670.279000,0,1,0,1,18,0,18,30,52,0,
2020,11,25,12,34,30,382,1606271670.382000,0,1,0,1,18,0,18,30,52,0,
2020,11,25,12,34,30,484,1606271670.484000,0,1,0,1,18,0,18,30,52,0,
2020,11,25,12,34,30,587,1606271670.587000,0,1,0,1,18,0,18,30,52,0,
2020,11,25,12,34,30,689,1606271670.689000,0,1,0,1,18,0,18,30,52,0,
2020,11,25,12,34,30,792,1606271670.792000,0,1,0,1,18,0,18,30,52,0,
2020,11,25,12,34,30,894,1606271670.894000,0,1,0,1,18,0,18,30,52,0,
2020,11,25,12,34,30,996,1606271670.996000,0,1,0,1,18,0,18,30,52,0,
2020,11,25,12,34,31,101,1606271671.101000,0,1,0,1,18,0,18,30,52,0,
2020,11,25,12,34,31,208,1606271671.208000,0,1,0,1,18,0,18,30,52,0,
2020,11,25,12,34,31,310,1606271671.310000,0,1,0,1,18,0,18,30,52,0,
2020,11,25,12,34,31,412,1606271671.412000,0,1,0,1,18,0,18,30,52,0,
2020,11,25,12,34,31,515,1606271671.515000,0,1,0,1,18,0,18,30,52,0,
2020,11,25,12,34,31,617,1606271671.617000,0,1,0,1,18,0,18,30,52,0,
2020,11,25,12,34,31,719,1606271671.719000,0,1,0,1,18,0,18,30,52,0,
2020,11,25,12,34,31,821,1606271671.821000,0,1,0,1,17,0,17,30,52,0,
2020,11,25,12,34,31,923,1606271671.923000,0,1,0,1,17,0,17,30,52,0,
2020,11,25,12,34,32,26,1606271672.026000,0,1,0,1,17,0,17,30,52,0,
2020,11,25,12,34,32,127,1606271672.127000,0,1,0,1,17,0,17,30,52,0,
2020,11,25,12,34,32,229,1606271672.229000,0,1,0,1,17,0,17,30,52,0,
2020,11,25,12,34,32,331,1606271672.331000,0,1,0,1,17,0,17,30,52,0,
2020,11,25,12,34,32,433,1606271672.433000,0,1,0,1,17,0,17,30,52,0,
2020,11,25,12,34,32,535,1606271672.535000,0,1,0,1,17,0,17,30,52,0,
2020,11,25,12,34,32,637,1606271672.637000,0,1,0,1,17,0,17,30,52,0,
2020,11,25,12,34,32,739,1606271672.739000,0,1,0,1,17,0,17,30,52,0,
2020,11,25,12,34,32,842,1606271672.842000,0,1,0,1,17,0,17,30,52,0,
2020,11,25,12,34,32,945,1606271672.945000,0,1,0,1,17,0,17,30,52,0,
2020,11,25,12,34,33,46,1606271673.046000,0,1,0,1,17,0,17,30,52,0,
2020,11,25,12,34,33,148,1606271673.148000,0,1,0,1,17,0,17,30,52,0,
2020,11,25,12,34,33,251,1606271673.251000,0,1,0,1,17,0,17,30,52,0,
2020,11,25,12,34,33,354,1606271673.354000,0,1,0,1,17,0,17,30,52,0,
2020,11,25,12,34,33,456,1606271673.456000,0,1,0,1,17,0,17,30,52,0,
2020,11,25,12,34,33,558,1606271673.558000,0,1,0,1,17,0,17,30,52,0,
2020,11,25,12,34,33,660,1606271673.660000,0,1,0,1,17,0,17,30,52,0,
2020,11,25,12,34,33,762,1606271673.762000,0,1,0,1,18,0,18,30,52,0,
2020,11,25,12,34,33,863,1606271673.863000,0,1,0,1,18,0,18,30,52,0,
2020,11,25,12,34,33,966,1606271673.966000,0,1,0,1,18,0,18,30,52,0,
2020,11,25,12,34,34,69,1606271674.069000,0,1,0,1,18,0,18,30,52,0,
2020,11,25,12,34,34,171,1606271674.171000,0,1,0,1,18,0,18,30,52,0,
2020,11,25,12,34,34,273,1606271674.273000,0,1,0,1,18,0,18,30,52,0,
2020,11,25,12,34,34,375,1606271674.375000,0,1,0,1,18,0,18,30,52,0,
2020,11,25,12,34,34,477,1606271674.477000,0,1,0,1,18,0,18,30,52,0,
2020,11,25,12,34,34,580,1606271674.580000,0,1,0,1,18,0,18,30,52,0,
2020,11,25,12,34,34,683,1606271674.683000,0,1,0,1,18,0,18,30,52,0,
2020,11,25,12,34,34,785,1606271674.785000,0,1,0,1,18,0,18,30,52,0,
2020,11,25,12,34,34,888,1606271674.888000,0,1,0,1,17,0,17,30,52,0,
2020,11,25,12,34,34,990,1606271674.990000,0,1,0,1,17,0,17,30,52,0,
2020,11,25,12,34,35,93,1606271675.093000,0,1,0,1,17,0,17,30,52,0,
2020,11,25,12,34,35,196,1606271675.196000,0,1,0,1,17,0,17,30,52,0,
2020,11,25,12,34,35,301,1606271675.301000,0,1,0,1,17,0,17,30,52,0,
2020,11,25,12,34,35,409,1606271675.409000,0,1,0,1,17,0,17,30,52,0,
2020,11,25,12,34,35,511,1606271675.511000,0,1,0,1,17,0,17,30,52,0,
2020,11,25,12,34,35,613,1606271675.613000,0,1,0,1,17,0,17,30,52,0,
2020,11,25,12,34,35,715,1606271675.715000,0,1,0,1,17,0,17,30,52,0,
2020,11,25,12,34,35,819,1606271675.819000,0,1,0,1,17,0,17,30,52,0,
2020,11,25,12,34,35,921,1606271675.921000,0,1,0,1,17,0,17,30,52,0,
2020,11,25,12,34,36,23,1606271676.023000,0,1,0,1,17,0,17,30,52,0,
2020,11,25,12,34,36,126,1606271676.126000,0,1,0,1,17,0,17,30,52,0,
2020,11,25,12,34,36,229,1606271676.229000,0,1,0,1,17,0,17,30,52,0,
2020,11,25,12,34,36,331,1606271676.331000,0,1,0,1,17,0,17,30,52,0,
2020,11,25,12,34,36,433,1606271676.433000,0,1,0,1,17,0,17,30,52,0,
2020,11,25,12,34,36,537,1606271676.537000,0,1,0,1,17,0,17,30,52,0,
2020,11,25,12,34,36,640,1606271676.640000,0,1,0,1,17,0,17,30,52,0,
2020,11,25,12,34,36,742,1606271676.742000,0,1,0,1,17,0,17,30,52,0,
2020,11,25,12,34,36,844,1606271676.844000,0,1,0,1,18,0,18,30,52,0,
2020,11,25,12,34,36,947,1606271676.947000,0,1,0,1,18,0,18,30,52,0,
2020,11,25,12,34,37,49,1606271677.049000,0,1,0,1,18,0,18,30,52,0,
2020,11,25,12,34,37,154,1606271677.154000,0,1,0,1,18,0,18,30,52,0,
2020,11,25,12,34,37,258,1606271677.258000,0,1,0,1,18,0,18,30,52,0,
2020,11,25,12,34,37,361,1606271677.361000,0,1,0,1,18,0,18,30,52,0,
2020,11,25,12,34,37,463,1606271677.463000,0,1,0,1,18,0,18,30,52,0,
2020,11,25,12,34,37,566,1606271677.566000,0,1,0,1,18,0,18,30,52,0,
2020,11,25,12,34,37,668,1606271677.668000,0,1,0,1,18,0,18,30,52,0,
2020,11,25,12,34,37,770,1606271677.770000,0,1,0,1,18,0,18,30,52,0,
2020,11,25,12,34,37,873,1606271677.873000,0,1,0,1,18,0,18,30,52,0,
2020,11,25,12,34,37,974,1606271677.974000,0,1,0,1,18,0,18,30,52,0,
2020,11,25,12,34,38,76,1606271678.076000,0,1,0,1,18,0,18,30,52,0,
2020,11,25,12,34,38,178,1606271678.178000,0,1,0,1,18,0,18,30,52,0,
2020,11,25,12,34,38,281,1606271678.281000,0,1,0,1,18,0,18,30,52,0,
2020,11,25,12,34,38,383,1606271678.383000,0,1,0,1,17,0,17,30,52,0,
2020,11,25,12,34,38,484,1606271678.484000,0,1,0,1,17,0,17,30,52,0,
2020,11,25,12,34,38,586,1606271678.586000,0,1,0,1,17,0,17,30,52,0,
2020,11,25,12,34,38,688,1606271678.688000,0,1,0,1,17,0,17,30,52,0,
2020,11,25,12,34,38,791,1606271678.791000,0,1,0,1,17,0,17,30,52,0,
2020,11,25,12,34,38,893,1606271678.893000,0,1,0,1,17,0,17,30,52,0,
2020,11,25,12,34,38,995,1606271678.995000,0,1,0,1,17,0,17,30,52,0,
2020,11,25,12,34,39,97,1606271679.097000,0,1,0,1,17,0,17,30,52,0,
2020,11,25,12,34,39,199,1606271679.199000,0,1,0,1,17,0,17,30,52,0,
2020,11,25,12,34,39,306,1606271679.306000,0,1,0,1,17,0,17,30,52,0,
2020,11,25,12,34,39,408,1606271679.408000,0,1,0,1,17,0,17,30,52,0,
2020,11,25,12,34,39,510,1606271679.510000,0,1,0,1,17,0,17,30,52,0,
2020,11,25,12,34,39,612,1606271679.612000,0,1,0,1,17,0,17,30,52,0,
2020,11,25,12,34,39,715,1606271679.715000,0,1,0,1,17,0,17,30,52,0,
2020,11,25,12,34,39,817,1606271679.817000,0,1,0,1,17,0,17,30,52,0,
2020,11,25,12,34,39,919,1606271679.919000,0,1,0,1,17,0,17,30,52,0,
2020,11,25,12,34,40,22,1606271680.022000,0,1,0,1,17,0,17,30,52,0,
2020,11,25,12,34,40,125,1606271680.125000,0,1,0,1,18,0,18,30,52,0,
2020,11,25,12,34,40,229,1606271680.229000,0,1,0,1,18,0,18,30,52,0,
2020,11,25,12,34,40,331,1606271680.331000,0,1,0,1,18,0,18,30,52,0,
2020,11,25,12,34,40,435,1606271680.435000,0,1,0,1,18,0,18,30,52,0,
2020,11,25,12,34,40,538,1606271680.538000,0,1,0,1,18,0,18,30,52,0,
2020,11,25,12,34,40,642,1606271680.642000,0,1,0,1,18,0,18,30,52,0,
2020,11,25,12,34,40,745,1606271680.745000,0,1,0,1,18,0,18,30,52,0,
2020,11,25,12,34,40,847,1606271680.847000,0,1,0,1,18,0,18,30,52,0,
2020,11,25,12,34,40,951,1606271680.951000,0,1,0,1,18,0,18,30,52,0,
2020,11,25,12,34,41,55,1606271681.055000,0,1,0,1,18,0,18,30,52,0,
2020,11,25,12,34,41,158,1606271681.158000,0,1,0,1,18,0,18,30,52,0,
2020,11,25,12,34,41,260,1606271681.260000,0,1,0,1,18,0,18,30,52,0,
2020,11,25,12,34,41,363,1606271681.363000,0,1,0,1,18,0,18,30,52,0,
2020,11,25,12,34,41,465,1606271681.465000,0,1,0,1,18,0,18,30,52,0,
2020,11,25,12,34,41,568,1606271681.568000,0,1,0,1,18,0,18,30,52,0,
2020,11,25,12,34,41,669,1606271681.669000,0,1,0,1,18,0,18,30,52,0,
2020,11,25,12,34,41,771,1606271681.771000,0,1,0,1,18,0,18,30,52,0,
2020,11,25,12,34,41,874,1606271681.874000,0,1,0,1,18,0,18,30,52,0,
2020,11,25,12,34,41,979,1606271681.979000,0,1,0,1,18,0,18,30,52,0,
2020,11,25,12,34,42,80,1606271682.080000,0,1,0,1,17,0,17,30,52,0,
2020,11,25,12,34,42,182,1606271682.182000,0,1,0,1,17,0,17,30,52,0,
2020,11,25,12,34,42,287,1606271682.287000,0,1,0,1,17,0,17,30,52,0,
2020,11,25,12,34,42,389,1606271682.389000,0,1,0,1,17,0,17,30,52,0,
2020,11,25,12,34,42,492,1606271682.492000,0,1,0,1,17,0,17,30,52,0,
2020,11,25,12,34,42,594,1606271682.594000,0,1,0,1,17,0,17,30,52,0,
2020,11,25,12,34,42,699,1606271682.699000,0,1,0,1,17,0,17,30,52,0,
2020,11,25,12,34,42,800,1606271682.800000,0,1,0,1,17,0,17,30,52,0,
2020,11,25,12,34,42,906,1606271682.906000,0,1,0,1,17,0,17,30,52,0,
2020,11,25,12,34,43,7,1606271683.007000,0,1,0,1,17,0,17,30,52,0,
2020,11,25,12,34,43,109,1606271683.109000,0,1,0,1,17,0,17,30,52,0,
2020,11,25,12,34,43,211,1606271683.211000,0,1,0,1,17,0,17,30,52,0,
2020,11,25,12,34,43,313,1606271683.313000,0,1,0,1,17,0,17,30,52,0,
2020,11,25,12,34,43,416,1606271683.416000,0,1,0,1,17,0,17,30,52,0,
2020,11,25,12,34,43,518,1606271683.518000,0,1,0,1,17,0,17,30,52,0,
2020,11,25,12,34,43,620,1606271683.620000,0,1,0,1,17,0,17,30,52,0,
2020,11,25,12,34,43,722,1606271683.722000,0,1,0,1,17,0,17,30,52,0,
2020,11,25,12,34,43,824,1606271683.824000,0,1,0,1,17,0,17,30,52,0,
2020,11,25,12,34,43,927,1606271683.927000,0,1,0,1,17,0,17,30,52,0,
2020,11,25,12,34,44,29,1606271684.029000,0,1,0,1,17,0,17,30,52,0,
2020,11,25,12,34,44,131,1606271684.131000,0,1,0,1,17,0,17,30,52,0,
2020,11,25,12,34,44,232,1606271684.232000,0,1,0,1,17,0,17,30,52,0,
2020,11,25,12,34,44,335,1606271684.335000,0,1,0,1,18,0,18,30,52,0,
2020,11,25,12,34,44,436,1606271684.436000,0,1,0,1,18,0,18,30,52,0,
2020,11,25,12,34,44,539,1606271684.539000,0,1,0,1,18,0,18,30,52,0,
2020,11,25,12,34,44,643,1606271684.643000,0,1,0,1,18,0,18,30,52,0,
2020,11,25,12,34,44,745,1606271684.745000,0,1,0,1,18,0,18,30,52,0,
2020,11,25,12,34,44,847,1606271684.847000,0,1,0,1,18,0,18,30,52,0,
2020,11,25,12,34,44,950,1606271684.950000,0,1,0,1,18,0,18,30,52,0,
2020,11,25,12,34,45,53,1606271685.053000,0,1,0,1,18,0,18,30,52,0,
2020,11,25,12,34,45,156,1606271685.156000,0,1,0,1,18,0,18,30,52,0,
2020,11,25,12,34,45,258,1606271685.258000,0,1,0,1,18,0,18,30,52,0,
2020,11,25,12,34,45,360,1606271685.360000,0,1,0,1,18,0,18,30,52,0,
2020,11,25,12,34,45,463,1606271685.463000,0,1,0,1,18,0,18,30,52,0,
2020,11,25,12,34,45,565,1606271685.565000,0,1,0,1,18,0,18,30,52,0,
2020,11,25,12,34,45,669,1606271685.669000,0,1,0,1,18,0,18,30,52,0,
2020,11,25,12,34,45,771,1606271685.771000,0,1,0,1,17,0,17,30,52,0,
2020,11,25,12,34,45,873,1606271685.873000,0,1,0,1,17,0,17,30,52,0,
2020,11,25,12,34,45,975,1606271685.975000,0,1,0,1,17,0,17,30,52,0,
2020,11,25,12,34,46,77,1606271686.077000,0,1,0,1,17,0,17,30,52,0,
2020,11,25,12,34,46,179,1606271686.179000,0,1,0,1,17,0,17,30,52,0,
2020,11,25,12,34,46,281,1606271686.281000,0,1,0,1,17,0,17,30,52,0,
2020,11,25,12,34,46,384,1606271686.384000,0,1,0,1,17,0,17,30,52,0,
2020,11,25,12,34,46,486,1606271686.486000,0,1,0,1,17,0,17,30,52,0,
2020,11,25,12,34,46,588,1606271686.588000,0,1,0,1,17,0,17,30,52,0,
2020,11,25,12,34,46,691,1606271686.691000,0,1,0,1,17,0,17,30,52,0,
2020,11,25,12,34,46,793,1606271686.793000,0,1,0,1,17,0,17,30,52,0,
2020,11,25,12,34,46,895,1606271686.895000,0,1,0,1,17,0,17,30,52,0,
2020,11,25,12,34,46,998,1606271686.998000,0,1,0,1,17,0,17,30,52,0,
2020,11,25,12,34,47,100,1606271687.100000,0,1,0,1,17,0,17,30,52,0,
2020,11,25,12,34,47,204,1606271687.204000,0,1,0,1,17,0,17,30,52,0,
2020,11,25,12,34,47,306,1606271687.306000,0,1,0,1,17,0,17,30,52,0,
2020,11,25,12,34,47,408,1606271687.408000,0,1,0,1,17,0,17,30,52,0,
2020,11,25,12,34,47,510,1606271687.510000,0,1,0,1,17,0,17,30,52,0,
2020,11,25,12,34,47,613,1606271687.613000,0,1,0,1,17,0,17,30,52,0,
2020,11,25,12,34,47,715,1606271687.715000,0,1,0,1,18,0,18,30,52,0,
2020,11,25,12,34,47,817,1606271687.817000,0,1,0,1,18,0,18,30,52,0,
2020,11,25,12,34,47,919,1606271687.919000,0,1,0,1,18,0,18,30,52,0,
2020,11,25,12,34,48,21,1606271688.021000,0,1,0,1,18,0,18,30,52,0,
2020,11,25,12,34,48,124,1606271688.124000,0,1,0,1,18,0,18,30,52,0,
2020,11,25,12,34,48,228,1606271688.228000,0,1,0,1,18,0,18,30,52,0,
2020,11,25,12,34,48,330,1606271688.330000,0,1,0,1,18,0,18,30,52,0,
2020,11,25,12,34,48,433,1606271688.433000,0,1,0,1,18,0,18,30,52,0,
2020,11,25,12,34,48,536,1606271688.536000,0,1,0,1,18,0,18,30,52,0,
2020,11,25,12,34,48,638,1606271688.638000,0,1,0,1,18,0,18,30,52,0,
2020,11,25,12,34,48,740,1606271688.740000,0,1,0,1,17,0,17,30,52,0,
2020,11,25,12,34,48,843,1606271688.843000,0,1,0,1,17,0,17,30,52,0,
2020,11,25,12,34,48,945,1606271688.945000,0,1,0,1,17,0,17,30,52,0,
2020,11,25,12,34,49,48,1606271689.048000,0,1,0,1,17,0,17,30,52,0,
2020,11,25,12,34,49,151,1606271689.151000,0,1,0,1,17,0,17,30,52,0,
2020,11,25,12,34,49,255,1606271689.255000,0,1,0,1,17,0,17,30,52,0,
2020,11,25,12,34,49,358,1606271689.358000,0,1,0,1,17,0,17,30,52,0,
2020,11,25,12,34,49,460,1606271689.460000,0,1,0,1,17,0,17,30,52,0,
2020,11,25,12,34,49,563,1606271689.563000,0,1,0,1,17,0,17,30,52,0,
2020,11,25,12,34,49,665,1606271689.665000,0,1,0,1,17,0,17,30,52,0,
2020,11,25,12,34,49,767,1606271689.767000,0,1,0,1,17,0,17,30,52,0,
2020,11,25,12,34,49,869,1606271689.869000,0,1,0,1,17,0,17,30,52,0,
2020,11,25,12,34,49,971,1606271689.971000,0,1,0,1,17,0,17,30,52,0,
2020,11,25,12,34,50,73,1606271690.073000,0,1,0,1,17,0,17,30,52,0,
2020,11,25,12,34,50,175,1606271690.175000,0,1,0,1,17,0,17,30,52,0,
2020,11,25,12,34,50,277,1606271690.277000,0,1,0,1,17,0,17,30,52,0,
2020,11,25,12,34,50,380,1606271690.380000,0,1,0,1,17,0,17,30,52,0,
2020,11,25,12,34,50,482,1606271690.482000,0,1,0,1,18,0,18,30,52,0,
2020,11,25,12,34,50,584,1606271690.584000,0,1,0,1,18,0,18,30,52,0,
2020,11,25,12,34,50,687,1606271690.687000,0,1,0,1,18,0,18,30,52,0,
2020,11,25,12,34,50,788,1606271690.788000,0,1,0,1,18,0,18,30,52,0,
2020,11,25,12,34,50,891,1606271690.891000,0,1,0,1,18,0,18,30,52,0,
2020,11,25,12,34,50,993,1606271690.993000,0,1,0,1,18,0,18,30,52,0,
2020,11,25,12,34,51,96,1606271691.096000,0,1,0,1,18,0,18,30,52,0,
2020,11,25,12,34,51,200,1606271691.200000,0,1,0,1,18,0,18,30,52,0,
2020,11,25,12,34,51,305,1606271691.305000,0,1,0,1,18,0,18,30,52,0,
2020,11,25,12,34,51,408,1606271691.408000,0,1,0,1,18,0,18,30,52,0,
2020,11,25,12,34,51,524,1606271691.524000,0,1,0,1,18,0,18,30,52,0,
2020,11,25,12,34,51,627,1606271691.627000,0,1,0,1,18,0,18,30,52,0,
2020,11,25,12,34,51,728,1606271691.728000,0,1,0,1,18,0,18,30,52,0,
2020,11,25,12,34,51,830,1606271691.830000,0,1,0,1,18,0,18,30,52,0,
2020,11,25,12,34,51,932,1606271691.932000,0,1,0,1,18,0,18,30,52,0,
2020,11,25,12,34,52,33,1606271692.033000,0,1,0,1,17,0,17,30,52,0,
2020,11,25,12,34,52,136,1606271692.136000,0,1,0,1,17,0,17,30,52,0,
2020,11,25,12,34,52,238,1606271692.238000,0,1,0,1,17,0,17,30,52,0,
2020,11,25,12,34,52,340,1606271692.340000,0,1,0,1,17,0,17,30,52,0,
2020,11,25,12,34,52,441,1606271692.441000,0,1,0,1,17,0,17,30,52,0,
2020,11,25,12,34,52,543,1606271692.543000,0,1,0,1,17,0,17,30,52,0,
2020,11,25,12,34,52,644,1606271692.644000,0,1,0,1,17,0,17,30,52,0,
2020,11,25,12,34,52,747,1606271692.747000,0,1,0,1,17,0,17,30,52,0,
2020,11,25,12,34,52,848,1606271692.848000,0,1,0,1,17,0,17,30,52,0,
2020,11,25,12,34,52,951,1606271692.951000,0,1,0,1,17,0,17,30,52,0,
2020,11,25,12,34,53,59,1606271693.059000,0,1,0,1,17,0,17,30,52,0,
2020,11,25,12,34,53,161,1606271693.161000,0,1,0,1,17,0,17,30,52,0,
2020,11,25,12,34,53,263,1606271693.263000,0,1,0,1,17,0,17,30,52,0,
2020,11,25,12,34,53,365,1606271693.365000,0,1,0,1,17,0,17,30,52,0,
2020,11,25,12,34,53,467,1606271693.467000,0,1,0,1,17,0,17,30,52,0,
2020,11,25,12,34,53,570,1606271693.570000,0,1,0,1,18,0,18,30,52,0,
2020,11,25,12,34,53,673,1606271693.673000,0,1,0,1,18,0,18,30,52,0,
2020,11,25,12,34,53,775,1606271693.775000,0,1,0,1,18,0,18,30,52,0,
2020,11,25,12,34,53,877,1606271693.877000,0,1,0,1,18,0,18,30,52,0,
2020,11,25,12,34,53,979,1606271693.979000,0,1,0,1,18,0,18,30,52,0,
2020,11,25,12,34,54,81,1606271694.081000,0,1,0,1,18,0,18,30,52,0,
2020,11,25,12,34,54,183,1606271694.183000,0,1,0,1,18,0,18,30,52,0,
2020,11,25,12,34,54,285,1606271694.285000,0,1,0,1,18,0,18,30,52,0,
2020,11,25,12,34,54,386,1606271694.386000,0,1,0,1,18,0,18,30,52,0,
2020,11,25,12,34,54,488,1606271694.488000,0,1,0,1,18,0,18,30,52,0,
2020,11,25,12,34,54,590,1606271694.590000,0,1,0,1,17,0,17,30,52,0,
2020,11,25,12,34,54,692,1606271694.692000,0,1,0,1,17,0,17,30,52,0,
2020,11,25,12,34,54,794,1606271694.794000,0,1,0,1,17,0,17,30,52,0,
2020,11,25,12,34,54,896,1606271694.896000,0,1,0,1,17,0,17,30,52,0,
2020,11,25,12,34,54,997,1606271694.997000,0,1,0,1,17,0,17,30,52,0,
2020,11,25,12,34,55,100,1606271695.100000,0,1,0,1,17,0,17,30,52,0,
2020,11,25,12,34,55,206,1606271695.206000,0,1,0,1,17,0,17,30,52,0,
2020,11,25,12,34,55,307,1606271695.307000,0,1,0,1,17,0,17,30,52,0,
2020,11,25,12,34,55,409,1606271695.409000,0,1,0,1,17,0,17,30,52,0,
2020,11,25,12,34,55,511,1606271695.511000,0,1,0,1,17,0,17,30,52,0,
2020,11,25,12,34,55,613,1606271695.613000,0,1,0,1,17,0,17,30,52,0,
2020,11,25,12,34,55,717,1606271695.717000,0,1,0,1,17,0,17,30,52,0,
2020,11,25,12,34,55,819,1606271695.819000,0,1,0,1,17,0,17,30,52,0,
2020,11,25,12,34,55,920,1606271695.920000,0,1,0,1,17,0,17,30,52,0,
2020,11,25,12,34,56,23,1606271696.023000,0,1,0,1,18,0,18,30,52,0,
2020,11,25,12,34,56,124,1606271696.124000,0,1,0,1,18,0,18,30,52,0,
2020,11,25,12,34,56,227,1606271696.227000,0,1,0,1,18,0,18,30,52,0,
2020,11,25,12,34,56,330,1606271696.330000,0,1,0,1,18,0,18,30,52,0,
2020,11,25,12,34,56,432,1606271696.432000,0,1,0,1,18,0,18,30,52,0,
2020,11,25,12,34,56,534,1606271696.534000,0,1,0,1,18,0,18,30,52,0,
2020,11,25,12,34,56,636,1606271696.636000,0,1,0,1,18,0,18,30,52,0,
2020,11,25,12,34,56,738,1606271696.738000,0,1,0,1,18,0,18,30,52,0,
2020,11,25,12,34,56,840,1606271696.840000,0,1,0,1,18,0,18,30,52,0,
2020,11,25,12,34,56,942,1606271696.942000,0,1,0,1,18,0,18,30,52,0,
2020,11,25,12,34,57,45,1606271697.045000,0,1,0,1,17,0,17,30,52,0,
2020,11,25,12,34,57,148,1606271697.148000,0,1,0,1,17,0,17,30,52,0,
2020,11,25,12,34,57,250,1606271697.250000,0,1,0,1,17,0,17,30,52,0,
2020,11,25,12,34,57,354,1606271697.354000,0,1,0,1,17,0,17,30,52,0,
2020,11,25,12,34,57,458,1606271697.458000,0,1,0,1,17,0,17,30,52,0,
2020,11,25,12,34,57,560,1606271697.560000,0,1,0,1,17,0,17,30,52,0,
2020,11,25,12,34,57,662,1606271697.662000,0,1,0,1,17,0,17,30,52,0,
2020,11,25,12,34,57,764,1606271697.764000,0,1,0,1,17,0,17,30,52,0,
2020,11,25,12,34,57,866,1606271697.866000,0,1,0,1,17,0,17,30,52,0,
2020,11,25,12,34,57,968,1606271697.968000,0,1,0,1,17,0,17,30,52,0,
2020,11,25,12,34,58,69,1606271698.069000,0,1,0,1,17,0,17,30,52,0,
2020,11,25,12,34,58,172,1606271698.172000,0,1,0,1,17,0,17,30,52,0,
2020,11,25,12,34,58,274,1606271698.274000,0,1,0,1,17,0,17,30,52,0,
2020,11,25,12,34,58,376,1606271698.376000,0,1,0,1,18,0,18,30,52,0,
2020,11,25,12,34,58,478,1606271698.478000,0,1,0,1,18,0,18,30,52,0,
2020,11,25,12,34,58,579,1606271698.579000,0,1,0,1,18,0,18,30,52,0,
2020,11,25,12,34,58,681,1606271698.681000,0,1,0,1,18,0,18,30,52,0,
2020,11,25,12,34,58,783,1606271698.783000,0,1,0,1,18,0,18,30,52,0,
2020,11,25,12,34,58,885,1606271698.885000,0,1,0,1,18,0,18,30,52,0,
2020,11,25,12,34,58,988,1606271698.988000,0,1,0,1,18,0,18,30,52,0,
2020,11,25,12,34,59,90,1606271699.090000,0,1,0,1,18,0,18,30,52,0,
2020,11,25,12,34,59,194,1606271699.194000,0,1,0,1,17,0,17,30,52,0,
2020,11,25,12,34,59,296,1606271699.296000,0,1,0,1,17,0,17,30,52,0,
2020,11,25,12,34,59,398,1606271699.398000,0,1,0,1,17,0,17,30,52,0,
2020,11,25,12,34,59,501,1606271699.501000,0,1,0,1,17,0,17,30,52,0,
2020,11,25,12,34,59,604,1606271699.604000,0,1,0,1,17,0,17,30,52,0,
2020,11,25,12,34,59,706,1606271699.706000,0,1,0,1,17,0,17,30,52,0,
2020,11,25,12,34,59,808,1606271699.808000,0,1,0,1,17,0,17,30,52,0,
2020,11,25,12,34,59,911,1606271699.911000,0,1,0,1,17,0,17,30,52,0,
2020,11,25,12,35,0,19,1606271700.019000,0,1,0,1,17,0,17,30,52,0,
2020,11,25,12,35,0,125,1606271700.125000,0,1,0,1,17,0,17,30,52,0,
2020,11,25,12,35,0,227,1606271700.227000,0,1,0,1,17,0,17,30,52,0,
2020,11,25,12,35,0,331,1606271700.331000,0,1,0,1,17,0,17,30,52,0,
2020,11,25,12,35,0,433,1606271700.433000,0,1,0,1,17,0,17,30,52,0,
2020,11,25,12,35,0,536,1606271700.536000,0,1,0,1,17,0,17,30,52,0,
2020,11,25,12,35,0,637,1606271700.637000,0,1,0,1,18,0,18,30,52,0,
2020,11,25,12,35,0,740,1606271700.740000,0,1,0,1,18,0,18,30,52,0,
2020,11,25,12,35,0,841,1606271700.841000,0,1,0,1,18,0,18,30,52,0,
2020,11,25,12,35,0,943,1606271700.943000,0,1,0,1,18,0,18,30,52,0,
2020,11,25,12,35,1,45,1606271701.045000,0,1,0,1,18,0,18,30,52,0,
2020,11,25,12,35,1,146,1606271701.146000,0,1,0,1,18,0,18,30,52,0,
2020,11,25,12,35,1,248,1606271701.248000,0,1,0,1,18,0,18,30,52,0,
2020,11,25,12,35,1,350,1606271701.350000,0,1,0,1,18,0,18,30,52,0,
2020,11,25,12,35,1,457,1606271701.457000,0,1,0,1,17,0,17,30,52,0,
2020,11,25,12,35,1,560,1606271701.560000,0,1,0,1,17,0,17,30,52,0,
2020,11,25,12,35,1,662,1606271701.662000,0,1,0,1,17,0,17,30,52,0,
2020,11,25,12,35,1,765,1606271701.765000,0,1,0,1,17,0,17,30,52,0,
2020,11,25,12,35,1,871,1606271701.871000,0,1,0,1,17,0,17,30,52,0,
2020,11,25,12,35,1,973,1606271701.973000,0,1,0,1,17,0,17,30,52,0,
2020,11,25,12,35,2,75,1606271702.075000,0,1,0,1,17,0,17,30,52,0,
2020,11,25,12,35,2,179,1606271702.179000,0,1,0,1,17,0,17,30,52,0,
2020,11,25,12,35,2,281,1606271702.281000,0,1,0,1,17,0,17,30,52,0,
2020,11,25,12,35,2,384,1606271702.384000,0,1,0,1,17,0,17,30,52,0,
2020,11,25,12,35,2,486,1606271702.486000,0,1,0,1,18,0,18,30,52,0,
2020,11,25,12,35,2,587,1606271702.587000,0,1,0,1,18,0,18,30,52,0,
2020,11,25,12,35,2,689,1606271702.689000,0,1,0,1,18,0,18,30,52,0,
2020,11,25,12,35,2,790,1606271702.790000,0,1,0,1,18,0,18,30,52,0,
2020,11,25,12,35,2,894,1606271702.894000,0,1,0,1,18,0,18,30,52,0,
2020,11,25,12,35,2,997,1606271702.997000,0,1,0,1,18,0,18,30,52,0,
2020,11,25,12,35,3,98,1606271703.098000,0,1,0,1,18,0,18,30,52,0,
2020,11,25,12,35,3,200,1606271703.200000,0,1,0,1,17,0,17,30,52,0,
2020,11,25,12,35,3,305,1606271703.305000,0,1,0,1,17,0,17,30,52,0,
2020,11,25,12,35,3,406,1606271703.406000,0,1,0,1,17,0,17,30,52,0,
2020,11,25,12,35,3,508,1606271703.508000,0,1,0,1,17,0,17,30,52,0,
2020,11,25,12,35,3,610,1606271703.610000,0,1,0,1,17,0,17,30,52,0,
2020,11,25,12,35,3,711,1606271703.711000,0,1,0,1,17,0,17,30,52,0,
2020,11,25,12,35,3,814,1606271703.814000,0,1,0,1,17,0,17,30,52,0,
2020,11,25,12,35,3,916,1606271703.916000,0,1,0,1,17,0,17,30,52,0,
2020,11,25,12,35,4,18,1606271704.018000,0,1,0,1,17,0,17,30,52,0,
2020,11,25,12,35,4,122,1606271704.122000,0,1,0,1,17,0,17,30,52,0,
2020,11,25,12,35,4,225,1606271704.225000,0,1,0,1,17,0,17,30,52,0,
2020,11,25,12,35,4,330,1606271704.330000,0,1,0,1,17,0,17,30,52,0,
2020,11,25,12,35,4,434,1606271704.434000,0,1,0,1,17,0,17,30,52,0,
2020,11,25,12,35,4,536,1606271704.536000,0,1,0,1,17,0,17,30,52,0,
2020,11,25,12,35,4,638,1606271704.638000,0,1,0,1,17,0,17,30,52,0,
2020,11,25,12,35,4,740,1606271704.740000,0,1,0,1,17,0,17,30,52,0,
2020,11,25,12,35,4,846,1606271704.846000,0,1,0,1,17,0,17,30,52,0,
2020,11,25,12,35,4,952,1606271704.952000,0,1,0,1,17,0,17,30,52,0,
2020,11,25,12,35,5,58,1606271705.058000,0,1,0,1,18,0,18,30,52,0,
2020,11,25,12,35,5,161,1606271705.161000,0,1,0,1,18,0,18,30,52,0,
2020,11,25,12,35,5,263,1606271705.263000,0,1,0,1,18,0,18,30,52,0,
2020,11,25,12,35,5,368,1606271705.368000,0,1,0,1,18,0,18,30,52,0,
2020,11,25,12,35,5,470,1606271705.470000,0,1,0,1,18,0,18,30,52,0,
2020,11,25,12,35,5,572,1606271705.572000,0,1,0,1,18,0,18,30,52,0,
2020,11,25,12,35,5,674,1606271705.674000,0,1,0,1,18,0,18,30,52,0,
2020,11,25,12,35,5,776,1606271705.776000,0,1,0,1,18,0,18,30,52,0,
2020,11,25,12,35,5,882,1606271705.882000,0,1,0,1,18,0,18,30,52,0,
2020,11,25,12,35,5,985,1606271705.985000,0,1,0,1,18,0,18,30,52,0,
2020,11,25,12,35,6,87,1606271706.087000,0,1,0,1,18,0,18,30,52,0,
2020,11,25,12,35,6,190,1606271706.190000,0,1,0,1,17,0,17,30,52,0,
2020,11,25,12,35,6,291,1606271706.291000,0,1,0,1,17,0,17,30,52,0,
2020,11,25,12,35,6,396,1606271706.396000,0,1,0,1,17,0,17,30,52,0,
2020,11,25,12,35,6,498,1606271706.498000,0,1,0,1,17,0,17,30,52,0,
2020,11,25,12,35,6,600,1606271706.600000,0,1,0,1,17,0,17,30,52,0,
2020,11,25,12,35,6,705,1606271706.705000,0,1,0,1,17,0,17,30,52,0,
2020,11,25,12,35,6,806,1606271706.806000,0,1,0,1,17,0,17,30,52,0,
2020,11,25,12,35,6,908,1606271706.908000,0,1,0,1,17,0,17,30,52,0,
2020,11,25,12,35,7,11,1606271707.011000,0,1,0,1,17,0,17,30,52,0,
2020,11,25,12,35,7,119,1606271707.119000,0,1,0,1,17,0,17,30,52,0,
2020,11,25,12,35,7,225,1606271707.225000,0,1,0,1,17,0,17,30,52,0,
2020,11,25,12,35,7,330,1606271707.330000,0,1,0,1,17,0,17,30,52,0,
2020,11,25,12,35,7,435,1606271707.435000,0,1,0,1,17,0,17,30,52,0,
2020,11,25,12,35,7,538,1606271707.538000,0,1,0,1,17,0,17,30,52,0,
2020,11,25,12,35,7,643,1606271707.643000,0,1,0,1,17,0,17,30,52,0,
2020,11,25,12,35,7,745,1606271707.745000,0,1,0,1,17,0,17,30,52,0,
